65
49
67
202
35
51
78
175
3424
3311
40
33
25
3552
3458
39
35
33
3563
3462
34
33
32
3576
3470
37
33
35
3563
3477
36
32
33
3563
3486
34
33
31
3566
3495
27
23
32
3567
3513
35
33
55
3578
3508
28
24
33
3595
3554
36
26
25
243
504
5036
5309
64
249
456
5017
5258
39
236
486
5039
5285
57
248
463
5050
5287
59
270
493
5036
5285
64
257
468
5022
5291
41
238
476
5081
5296
64
245
482
5042
5278
41
300
492
5032
5283
59
270
479
5053
5350
124
225
426
4962
5225
44
157
433
5001
5230
95
43
196
4787
4978
58
45
155
4883
4964
56
65
59
4747
4913
60
117
35
4699
4916
61
113
69
4735
4948
58
134
200
4734
4941
60
181
246
4820
4968
80
184
170
4782
4981
84
229
126
4785
4943
80
179
151
4768
5016
80
199
104
4765
4871
79
150
202
4816
4956
66
155
95
4859
4962
56
105
183
4813
4964
57
107
177
4870
4976
84
112
122
4855
4936
79
122
115
4843
4886
75
147
96
4863
4908
78
139
119
4830
4911
80
136
96
4808
4912
72
158
113
4791
4902
52
183
94
4776
4926
72
182
96
4772
4921
39
208
152
4781
4963
50
137
143
4769
4981
69
136
142
4829
4965
54
75
92
4804
4872
39
47
33
4770
4905
224
111
63
4792
4844
128
138
127
4603
4594
239
204
181
5862
5844
255
193
168
5149
5171
223
181
163
4315
4337
237
195
171
5245
5267
237
191
167
4945
5044
210
161
155
5107
5127
195
171
162
4413
4394
264
227
177
5088
5082
81
140
129
5057
5065
38
322
269
4947
5082
36
396
383
4921
5309
36
288
380
4948
5383
38
255
608
4951
5272
36
287
682
4971
5248
51
278
567
4986
5271
52
281
540
5006
5281
55
290
570
5026
5299
59
285
559
5032
5312
34
298
571
5041
5317
56
298
580
5050
5341
55
304
581
5057
5347
54
297
569
5048
5351
56
299
569
5058
5348
54
300
577
5055
5351
55
303
564
5049
5339
56
301
591
5054
5357
34
309
577
5054
5349
36
303
583
5051
5360
53
310
580
5054
5351
52
301
589
5056
5361
54
304
574
5056
5350
53
303
586
5054
5353
60
297
568
5050
5347
33
308
605
5061
5357
54
309
577
5049
5359
56
301
577
5042
5364
34
293
582
5047
5361
58
286
590
5044
5348
55
292
582
5051
5348
54
291
570
5046
5347
35
298
584
5052
5375
57
295
571
5039
5341
54
296
599
5050
5350
56
289
569
5047
5343
54
296
568
5046
5336
56
285
560
5046
5344
28
294
558
5051
5340
59
226
519
4998
5296
59
229
495
5047
5274
56
224
499
5047
5282
55
291
494
5041
5270
57
278
489
5033
5330
35
272
491
5043
5321
55
271
542
5019
5318
157
269
520
5009
5280
83
218
466
5085
5264
94
234
444
5072
5224
86
326
480
5083
5245
44
274
416
5073
5329
63
300
425
5045
5323
61
294
521
5046
5343
62
277
531
5043
5339
39
278
565
5046
5323
60
275
542
5026
5316
40
266
537
5035
5313
62
261
520
5015
5314
61
279
524
5041
5301
60
255
529
5044
5330
60
281
512
5041
5294
62
278
538
5044
5327
61
279
501
5043
5318
62
278
531
5081
5323
59
287
533
5049
5331
68
297
533
5034
5326
38
266
520
5034
5350
41
271
557
5015
5366
61
281
571
5041
5311
63
247
578
5042
5329
62
273
514
5039
5281
128
192
459
4956
5286
96
128
331
4942
5095
88
66
328
4902
5119
46
160
281
4900
4987
80
103
347
4845
5102
87
193
243
4961
5055
77
123
341
4941
5130
78
91
158
4840
4957
88
100
294
4925
5063
89
104
198
4946
5032
90
180
318
4958
5003
80
191
300
4964
5075
82
192
313
4992
5074
84
204
366
4996
5068
83
182
375
4988
5075
53
210
369
4997
5067
54
182
379
4987
5081
53
211
381
4999
5070
51
214
398
4999
5084
78
224
398
4996
5069
53
212
424
5008
5086
86
202
407
4962
5077
54
212
412
4995
5093
53
189
418
4969
5104
52
195
417
4993
5071
51
186
402
4996
5092
54
166
366
4988
5073
40
200
379
4993
5065
79
138
329
4963
5154
221
203
202
5031
5018
153
203
138
5058
5079
120
103
124
5010
5032
213
166
157
5045
5065
221
166
158
4464
4488
240
198
175
5093
5115
239
192
170
4771
4789
249
194
170
5196
6033
234
191
168
5032
5057
306
203
896
5098
5102
85
34
35
5057
5062
51
269
213
4921
4976
40
410
349
4922
5241
36
281
278
4921
5385
36
277
544
4942
5252
34
274
681
4951
5253
50
288
548
4960
5257
54
278
547
4988
5266
51
280
545
5003
5273
51
297
561
5012
5284
54
299
570
5016
5309
53
298
570
5030
5315
52
299
594
5044
5330
56
303
591
5050
5340
55
315
575
5053
5354
34
302
575
5057
5369
51
305
585
5056
5352
54
307
595
5061
5355
56
300
572
5052
5351
34
307
577
5059
5353
53
305
582
5060
5362
54
311
577
5054
5355
34
316
593
5061
5366
34
308
583
5060
5374
56
310
590
5051
5354
53
307
596
5059
5358
52
303
579
5056
5358
55
308
579
5048
5348
34
306
582
5047
5369
53
301
596
5052
5369
62
295
589
5041
5354
34
276
572
5035
5343
37
273
583
5011
5337
33
286
589
5014
5323
35
270
592
5025
5348
36
277
604
5028
5322
52
276
577
5053
5330
60
294
530
5002
5252
40
281
548
5019
5315
58
276
545
5012
5318
62
196
491
4981
5261
118
237
470
5029
5223
60
195
444
5097
5268
45
300
424
5012
5208
40
309
466
5025
5330
41
258
427
5009
5343
61
272
548
5040
5299
61
246
579
5049
5318
66
272
502
5032
5281
39
264
514
5034
5307
40
272
494
5017
5321
60
282
570
5048
5312
63
252
528
5041
5325
60
287
566
5045
5297
60
294
544
5046
5334
61
284
509
5041
5337
63
274
537
5037
5322
38
266
554
5042
5312
63
268
529
5014
5309
60
281
525
5048
5317
62
256
521
5042
5326
62
284
520
5081
5306
60
279
538
5042
5328
89
275
491
5036
5302
63
226
493
5039
5318
40
240
481
5037
5264
66
263
514
5009
5274
40
265
479
5038
5301
31
254
493
5027
5321
62
253
470
4990
5253
65
160
445
5033
5288
39
179
416
5053
5247
122
182
406
4962
5129
111
124
303
5006
5170
85
105
252
4931
5053
56
240
400
5022
5093
88
227
337
4964
5226
91
274
306
4985
5277
58
187
400
4967
5219
56
215
478
5005
5243
84
188
464
4933
5176
55
246
488
4984
5264
86
150
375
4933
5154
57
181
464
4985
5073
81
176
442
4973
5077
57
208
433
4992
5133
57
192
377
4994
5098
46
200
454
4970
5071
87
94
267
4793
5035
103
42
143
4882
5007
57
80
123
4902
5006
58
70
142
4900
5039
61
188
185
4804
4984
58
207
265
4845
5053
57
199
277
4805
5061
81
233
380
4816
5083
85
198
396
4829
5055
82
239
459
4814
5009
58
222
443
4828
5060
183
48
43
3038
3199
112
138
146
5088
5184
111
200
146
4977
5032
516
211
202
4850
4966
123
108
125
5195
5218
177
86
131
5075
5062
253
215
209
4854
4880
189
164
161
4584
4573
234
200
176
7067
7052
313
303
281
5156
5039
210
2091
2097
5293
5238
173
299
301
5106
7038
199
401
402
5096
5217
86
230
2154
5063
5362
44
304
402
5033
5285
41
324
601
5022
5352
60
289
508
5076
5369
60
264
567
5046
5334
59
318
584
5049
5315
60
283
544
5041
5359
64
280
511
5033
5357
39
258
550
5029
5306
40
269
567
5021
5331
38
282
537
5055
5322
57
270
547
5051
5356
60
289
526
5041
5312
60
288
566
5050
5332
61
285
524
5043
5331
59
292
544
5057
5325
57
281
539
5048
5333
90
317
527
5044
5312
40
307
552
5098
5341
40
286
528
5041
5338
128
317
532
4998
5310
62
214
483
5096
5318
125
192
450
5000
5218
38
265
478
5090
5212
124
144
353
4969
5262
38
249
342
5068
5200
39
176
434
4934
5264
40
278
394
4968
5212
84
120
433
4924
5283
37
167
398
4999
5172
39
187
488
4920
5145
40
262
391
5009
5175
56
184
410
4953
5168
37
213
425
5010
5172
38
249
434
4921
5149
37
223
424
4934
5179
55
171
466
4939
5170
38
214
498
4914
5153
40
256
528
4900
5190
39
237
470
4929
5252
37
215
510
4938
5228
39
245
563
4962
5218
37
257
582
4977
5250
60
263
519
4994
5259
57
287
545
5027
5287
58
265
529
5052
5325
58
289
545
5041
5307
59
296
540
5052
5332
56
284
524
5049
5343
67
261
535
5042
5315
30
266
531
5034
5317
58
261
500
4997
5299
60
240
510
5025
5287
28
210
501
5054
5283
59
207
465
4981
5226
60
240
445
5060
5258
58
204
419
5045
5289
56
302
472
5057
5247
59
283
502
5061
5346
60
294
442
5039
5313
59
301
580
5047
5340
60
291
536
5050
5340
60
286
554
5082
5342
61
290
553
5048
5324
68
263
514
5030
5301
67
230
480
5056
5306
58
273
503
5050
5306
58
303
524
5054
5316
58
289
519
5040
5345
58
294
520
5047
5326
59
283
558
5047
5339
38
300
550
5051
5360
120
229
492
4987
5314
91
155
449
5001
5220
43
201
474
5002
5137
66
181
393
4907
5144
88
61
162
4872
5021
56
74
120
4929
4967
56
92
160
4852
5044
57
158
158
4813
4927
60
172
299
4844
5031
56
187
304
4812
5037
57
237
400
4819
5021
80
237
333
4827
5047
58
166
353
4844
5054
55
198
398
4796
5042
56
232
427
4808
5040
55
212
450
4809
5066
87
241
462
4790
5064
155
145
385
4819
5041
43
142
408
4932
5062
58
201
404
4776
5014
88
309
420
4909
5047
44
168
389
4911
5173
55
207
362
4857
4973
85
122
435
4893
5080
86
106
256
4949
5067
86
3086
3081
5026
2024
184
116
139
1833
5821
162
106
101
2069
2058
80
63
3755
3217
3219
154
100
95
2112
2040
162
120
100
2331
2325
179
135
111
3733
3736
88
83
62
3820
3827
184
215
218
3808
3809
155
295
298
1590
1623
179
144
180
1574
1721
156
138
135
1747
1742
121
132
274
1782
1807
55
235
236
1750
1804
85
316
322
1748
2007
43
251
314
1794
2120
59
243
508
1765
2035
61
279
608
1804
2042
58
253
523
1809
2076
63
275
516
1809
2054
62
275
541
1857
2089
61
265
506
1834
2104
61
306
535
1859
2103
55
276
545
1831
2130
59
323
540
1828
2098
62
269
572
1795
2107
58
273
548
1808
2078
61
267
586
1790
2034
57
283
553
1777
2042
110
295
557
1759
2201
58
276
536
1821
2031
60
272
718
1755
2028
62
332
542
1758
2028
55
278
552
1750
2064
58
277
548
1729
2036
57
285
615
1748
2019
61
276
580
1747
2032
61
279
544
1765
2034
61
287
559
1770
2041
63
273
546
1782
2061
59
277
550
1784
2050
59
279
563
1781
2050
62
277
546
1767
2040
132
266
510
1778
2051
54
216
485
1844
2057
79
161
426
1849
2059
39
243
466
1876
2052
38
257
434
1833
2132
39
290
464
1835
2134
58
218
463
1846
2117
38
210
479
1833
2039
56
193
479
1844
2010
60
217
420
1916
2075
100
171
369
1946
2127
38
250
428
2009
2141
38
241
425
1952
2248
38
292
451
1965
2258
38
236
534
1976
2323
38
247
542
1995
2254
40
261
606
1996
2272
58
267
526
2040
2288
58
297
524
2041
2304
55
261
509
2073
2352
68
238
545
2093
2349
39
274
547
2124
2348
57
279
539
2120
2385
56
303
527
2130
2400
61
285
558
2138
2433
59
283
547
2162
2431
63
266
580
2164
2439
58
282
553
2191
2445
50
298
561
2192
2468
39
246
496
2203
2486
56
209
486
2261
2499
58
207
500
2304
2465
59
255
494
2311
2464
61
284
471
2338
2535
61
274
472
2349
2582
56
286
527
2320
2579
60
276
552
2320
2598
58
281
542
2347
2611
57
276
569
2347
2626
59
286
550
2375
2636
56
282
560
2377
2658
60
291
544
2448
2670
88
239
506
2445
2713
71
272
475
2451
2632
56
172
445
2506
2720
83
141
340
2557
2708
79
154
390
2596
2724
77
186
337
2640
2773
80
190
315
2665
2831
79
191
323
2708
2879
76
189
351
2747
2917
76
191
363
2787
2946
64
201
368
2823
3008
52
161
314
2855
3040
81
140
325
2945
3086
75
132
317
2987
3110
77
188
329
3022
3128
79
187
304
3061
3230
79
193
293
3098
3269
67
195
363
3141
3314
39
157
312
3168
3351
52
113
286
3252
3389
75
101
287
3349
3450
69
155
286
3386
3456
42
147
242
3413
3559
60
120
168
3499
3652
55
30
108
3582
3682
38
34
75
3676
3753
122
89
60
3722
3819
91
63
63
3909
4083
216
173
153
5741
5762
172
166
152
5120
5140
186
1462
1479
4962
4969
151
230
233
5097
6408
151
116
113
5181
5199
161
119
805
4568
4586
142
140
123
5131
5137
62
48
29
5045
5084
35
365
315
5005
5045
53
355
344
5006
5382
50
306
301
5045
5391
54
276
634
5045
5346
52
313
652
5059
5332
54
300
571
5046
5361
60
204
471
4972
5273
61
163
478
5043
5247
64
157
431
5048
5209
41
252
461
5042
5198
60
287
415
5017
5291
61
293
405
5041
5328
59
258
504
5047
5336
59
290
547
5040
5300
60
293
551
5045
5333
67
252
505
5034
5327
39
257
525
5032
5303
38
274
539
5017
5313
62
285
520
5013
5310
59
258
545
5050
5338
61
256
524
5040
5296
39
281
560
5045
5300
57
287
513
5023
5325
59
281
514
5075
5329
60
256
534
5047
5325
58
314
539
5038
5297
59
287
533
5045
5357
59
284
518
5092
5336
58
288
568
5048
5323
61
327
543
5042
5334
60
287
528
5037
5364
60
277
547
5042
5375
61
276
574
5043
5314
60
277
585
5066
5327
59
285
528
5047
5322
58
308
545
5055
5372
58
286
530
5042
5348
60
292
582
5052
5326
59
279
556
5045
5334
63
287
534
5050
5315
61
279
541
5047
5330
29
307
566
5066
5334
58
234
507
5005
5306
36
240
486
5058
5289
33
239
516
5065
5301
35
316
522
5059
5292
51
322
530
5060
5371
34
312
522
5058
5387
54
309
595
5060
5363
53
308
615
5059
5363
33
315
590
5062
5367
57
309
584
5049
5360
35
311
609
5059
5361
33
308
562
5027
5333
34
268
564
5013
5317
34
271
554
5004
5326
34
278
572
5006
5323
35
271
588
5013
5331
35
276
585
5023
5327
35
283
594
5035
5339
52
290
569
5036
5332
53
285
565
5052
5338
34
289
560
5057
5338
56
302
568
5064
5342
33
307
564
5065
5350
35
315
569
5076
5384
112
250
508
4994
5284
51
214
491
5015
5261
50
186
447
4993
5225
50
249
456
4965
5201
52
267
487
4976
5262
53
235
464
4975
5275
77
235
483
4988
5208
52
215
472
4983
5212
50
261
440
4956
5208
52
265
451
4988
5248
50
221
443
4995
5249
51
238
485
4972
5241
71
277
499
4972
5228
54
220
456
4998
5266
75
209
435
4963
5205
37
243
504
5000
5228
60
174
409
4943
5225
83
119
324
4881
5047
77
57
222
4931
5040
50
86
180
4930
5017
74
236
253
4964
5010
75
200
254
4938
5129
74
260
278
4965
5149
77
259
441
5000
5221
75
276
422
4983
5235
52
256
464
5001
5266
49
264
473
4985
5265
78
237
473
4984
5253
50
223
456
4987
5247
52
248
472
4963
5236
50
277
494
4966
5239
75
219
454
4987
5255
76
47
40
2318
2525
271
200
177
4885
4929
246
204
182
5155
5177
91
33
95
4950
4978
184
166
160
5064
5054
148
132
160
5103
5096
144
129
154
6804
6798
236
165
159
5039
5047
808
1146
1143
4625
4646
55
135
96
5146
6155
40
52
29
4381
5089
41
374
1341
4393
5053
39
119
356
4441
5383
40
55
252
4389
5095
37
138
554
4353
5007
38
40
127
4201
4976
39
57
64
4151
4993
37
54
155
4171
5041
38
56
250
4163
5042
39
99
240
4134
5029
39
77
243
4102
5027
40
106
154
4051
5034
39
56
168
4030
5041
41
97
192
3994
5028
40
54
200
3998
5044
40
82
203
3976
5041
40
34
237
4001
5056
59
32
266
3976
4965
41
32
264
4000
4946
86
31
208
4012
4897
37
31
328
4052
4915
41
36
246
4066
4738
38
32
244
4087
4746
36
35
246
4110
4761
40
33
257
4127
4737
41
34
271
4152
4745
30
33
281
4223
4820
52
53
273
4214
4805
29
47
289
4305
4801
29
56
283
4366
4791
29
33
305
4410
4786
33
56
285
4439
4796
30
54
299
4515
4787
27
52
300
4570
4788
28
54
295
4588
4788
29
53
301
4617
4787
25
51
301
4647
4789
27
53
298
4670
4784
27
52
298
4696
4790
25
32
300
4729
4791
26
52
296
4749
4740
28
31
266
4751
4796
28
50
186
4741
4837
25
52
213
4756
4849
25
52
207
4762
4859
25
46
184
4751
4866
29
30
174
4755
4885
26
44
161
4758
4904
29
31
209
4752
4940
28
47
207
4750
4977
28
50
214
4755
5025
29
50
209
4749
5036
27
31
210
4741
5038
29
55
206
4743
5046
26
54
217
4749
5047
26
52
228
4755
5047
26
54
218
4747
5034
25
53
213
4747
5045
27
52
209
4747
5048
26
55
218
4756
5044
26
52
220
4757
5048
28
53
201
4743
5031
26
56
207
4744
5043
25
54
209
4750
5048
27
52
223
4749
5045
28
32
221
4752
5041
27
53
219
4754
5050
28
52
206
4753
5048
43
53
142
4667
4958
42
77
119
4659
4962
40
75
101
4675
4968
41
45
219
4734
5015
40
74
211
4733
4921
41
71
146
4724
4976
39
76
87
4708
4940
40
69
118
4741
4971
38
80
153
4750
4979
39
48
118
4734
4993
41
77
91
4701
4912
39
73
117
4766
4918
38
75
120
4775
4906
39
47
95
4731
4912
40
68
34
4682
4918
38
74
97
4719
4926
37
70
61
4680
4924
41
72
88
4703
4907
37
76
94
4740
4928
40
60
146
4708
4954
39
47
92
4664
4848
39
45
118
4740
4924
42
75
120
4749
4877
40
45
153
4755
4961
39
45
101
4693
4896
41
72
95
4701
4909
38
75
94
4713
4923
39
67
63
4672
4922
38
67
148
4723
4954
38
74
148
4714
4939
40
74
143
4734
4974
83
47
45
3302
3519
381
346
286
4809
4829
109
97
74
5238
5258
259
110
168
4779
4841
255
215
209
4975
5000
199
197
174
5207
5229
200
165
165
5122
5113
418
366
358
4604
4444
211
169
152
5267
6078
101
73
31
5017
5022
98
692
1438
4919
4903
44
393
393
4965
5572
85
284
281
4936
5344
56
270
872
5001
5252
61
223
676
5015
5282
65
262
512
5034
5255
61
261
502
5033
5296
61
266
456
5038
5302
87
285
492
5029
5296
39
244
494
5079
5295
63
230
488
5052
5284
40
289
476
5046
5271
63
252
474
5006
5322
64
221
436
5016
5288
40
206
498
5030
5272
59
252
488
5050
5255
105
321
469
5064
5284
38
247
439
5083
5338
63
249
457
5022
5285
39
284
510
5037
5303
60
248
493
5014
5330
60
266
501
5040
5284
88
263
522
5024
5291
41
237
470
5080
5269
64
209
469
5006
5273
35
287
469
5047
5271
57
240
480
5014
5328
37
270
474
5035
5279
64
214
519
5029
5305
36
255
489
5042
5276
56
266
517
5014
5302
55
278
489
5042
5313
58
217
496
5027
5312
60
243
488
5019
5259
55
244
503
5041
5287
54
253
467
5040
5288
63
247
485
5029
5289
37
262
500
5043
5311
57
264
498
5010
5302
56
274
516
5037
5304
54
244
513
5044
5320
54
274
512
5039
5282
37
284
526
5039
5316
63
254
469
5009
5294
36
240
494
5032
5291
35
243
501
5022
5294
59
269
507
5034
5281
57
250
494
5044
5314
56
261
485
5036
5286
35
268
534
5036
5299
54
273
505
5025
5323
57
273
506
5037
5311
68
200
490
5005
5283
61
204
473
5039
5256
61
211
464
5041
5251
37
250
446
5046
5255
61
262
451
5035
5289
55
275
459
5044
5310
55
271
502
5036
5318
57
275
509
5035
5306
57
265
516
5027
5303
54
266
512
5036
5306
56
263
514
5031
5301
63
232
495
5028
5294
249
68
314
4842
5081
37
25
276
5013
5079
56
67
282
4989
5042
56
246
303
5032
5097
55
244
272
5037
5291
40
136
194
4939
5180
84
36
229
4901
5031
88
45
143
4877
4943
56
67
114
4899
5005
52
77
90
4851
4937
53
213
208
4841
4981
50
189
245
4829
5103
75
187
297
4831
5049
83
151
412
4857
5044
80
145
356
4863
5042
58
74
198
4856
5005
54
75
170
4928
5006
53
97
150
4913
4992
54
193
183
4913
4977
51
188
213
4971
5075
53
155
245
4975
5064
91
159
345
4982
5067
99
154
335
5004
5070
53
161
336
5015
5070
53
163
343
4989
5068
61
202
382
4968
4972
55
165
340
5009
4927
59
235
316
4935
4860
61
205
403
4997
5000
90
194
312
4903
4877
59
36
250
4826
4949
80
37
87
4728
4780
61
37
145
4735
4802
57
201
34
4750
4806
81
193
148
4657
4832
82
182
48
4527
4719
145
109
121
4585
4645
127
101
118
4774
4795
172
75
142
4910
4932
450
340
34
4658
4680
118
160
149
5756
5776
161
150
129
4674
4692
119
1097
791
4930
4953
143
387
334
3776
4640
327
285
193
4911
7273
58
87
75
5267
5274
75
167
2606
4973
5066
60
574
556
5049
5172
166
227
341
5051
5585
59
243
399
5122
5218
39
212
727
4974
5219
57
333
379
4995
5232
38
193
426
4940
5268
62
192
422
5015
5210
62
201
499
5015
5203
46
221
407
5025
5222
122
161
334
5004
5227
62
182
365
5043
5203
110
171
372
4995
5142
61
200
356
5058
5170
61
196
374
5053
5218
59
263
432
5062
5243
59
258
459
5033
5298
67
264
437
5030
5285
57
256
496
5040
5310
60
258
488
5036
5302
57
271
513
5040
5305
56
267
504
5033
5309
39
257
501
5028
5295
55
255
506
5045
5302
56
257
500
5035
5291
54
275
506
5040
5298
56
268
493
5035
5315
39
262
491
5035
5309
55
263
515
5036
5301
56
266
514
5035
5301
53
271
512
5040
5311
55
268
509
5036
5312
61
255
505
5027
5295
61
251
502
5035
5292
56
252
495
5036
5295
36
260
509
5037
5302
29
277
511
5024
5311
57
200
459
4983
5268
62
157
438
5029
5232
61
134
410
5031
5191
57
212
393
5042
5177
36
243
397
5045
5253
55
247
375
5033
5281
59
245
432
5019
5286
60
233
458
5027
5277
54
236
475
5037
5272
56
259
485
5036
5275
55
267
478
5038
5301
57
266
479
5036
5307
58
270
504
5035
5304
56
266
510
5039
5310
57
268
504
5036
5304
59
240
503
5028
5301
61
230
492
5035
5297
59
234
478
5041
5277
36
242
481
5038
5277
56
271
482
5015
5285
55
273
484
5040
5313
59
236
485
5029
5308
64
260
507
5036
5273
59
229
503
5033
5297
37
256
473
5034
5286
54
264
506
5019
5304
58
241
489
5031
5298
59
219
479
5012
5279
37
244
499
5045
5260
29
255
496
5024
5294
58
215
423
4988
5249
59
152
419
5029
5246
59
135
385
5030
5187
102
132
333
4957
5011
107
97
186
4897
5038
81
99
210
4944
5042
86
73
181
4908
5011
76
190
211
4903
4963
75
166
235
4978
5104
77
130
238
4973
5070
84
144
348
5015
5061
88
150
320
5013
5067
91
146
319
5014
5073
96
150
327
5009
5064
87
154
320
5005
5060
59
157
317
4990
5070
45
188
324
4987
5075
55
37
173
4776
4997
77
61
120
4906
4972
57
63
90
4888
4907
56
62
94
4846
4938
57
113
64
4759
4924
58
170
150
4783
4973
85
180
126
4788
4976
83
183
145
4801
5010
79
205
149
4800
4976
79
211
154
4752
4953
79
189
121
4778
4976
79
149
190
4819
5006
69
161
160
4809
4960
58
113
146
4810
4965
56
111
99
4861
4902
82
107
101
4881
4916
73
49
42
3999
4138
108
161
146
5034
5022
132
258
250
4883
4916
213
166
162
4725
4974
162
180
161
4982
5004
228
188
166
5130
5152
183
164
160
5121
5109
216
367
399
4858
4970
234
193
172
5277
5296
78
319
225
4949
4969
71
226
155
4943
5258
41
318
207
4932
5159
44
221
455
4947
5272
39
246
398
4973
5197
38
258
510
4988
5239
36
270
432
5010
5268
38
273
476
5011
5284
37
274
499
5024
5299
60
241
486
5014
5292
34
234
497
5036
5280
55
245
501
5016
5280
59
262
488
5035
5287
68
227
465
5022
5285
57
252
481
5041
5271
56
256
496
5036
5293
35
267
490
5039
5294
54
270
503
5017
5310
55
274
501
5036
5307
52
246
518
5037
5318
35
266
530
5049
5292
59
258
519
5038
5305
56
276
489
5039
5295
56
265
510
5039
5316
54
268
493
5033
5300
37
260
516
5035
5304
53
271
507
5019
5307
55
270
516
5032
5311
58
226
488
5028
5291
36
235
492
5035
5265
56
254
491
5018
5275
52
268
473
5042
5300
37
242
487
5050
5318
59
256
490
5012
5283
40
256
493
5034
5291
57
234
478
5032
5294
34
262
513
5047
5280
60
257
502
5010
5296
56
272
479
5038
5299
53
242
505
5036
5312
57
274
503
5036
5280
54
267
520
5041
5319
56
269
477
5033
5304
37
264
538
5034
5308
56
264
508
5023
5310
56
265
511
5031
5300
35
250
528
5039
5304
54
264
509
5017
5293
55
272
510
5041
5303
55
252
499
5035
5310
37
267
521
5036
5289
55
264
509
5037
5310
36
263
493
5043
5304
56
263
514
5017
5308
38
261
512
5043
5306
62
234
498
5011
5299
35
252
503
5038
5273
56
244
507
5018
5296
53
272
478
5038
5287
56
249
500
5034
5309
55
266
486
5041
5289
36
257
531
5034
5306
56
271
492
5019
5298
35
258
506
5036
5312
84
197
467
4981
5265
59
214
466
5039
5242
35
191
448
5038
5255
54
270
451
5011
5237
60
242
462
5029
5302
62
202
421
5026
5294
58
237
481
5045
5248
126
182
446
4961
5182
113
127
298
4951
5093
83
5354
52
310
612
5062
5362
55
299
574
5051
5352
55
304
571
5051
5342
55
302
599
5060
5355
53
304
571
5052
5351
53
306
599
5063
5359
45
309
583
5058
5359
57
235
528
5006
5309
36
235
515
5059
5290
34
237
518
5057
5289
54
317
517
5050
5301
57
304
511
5047
5374
56
291
516
5044
5360
55
292
596
5047
5349
53
295
589
5047
5351
34
293
574
5051
5359
55
296
576
5048
5351
52
298
583
5051
5351
53
299
568
5038
5341
52
300
597
5052
5353
53
294
576
5053
5357
56
299
573
5039
5336
53
293
572
5054
5353
62
278
545
4992
5280
40
279
566
5012
5285
59
311
556
5012
5267
60
258
516
5052
5330
42
220
516
5024
5278
39
280
571
5058
5280
65
277
492
4996
5298
56
302
492
5045
5324
68
249
538
5032
5332
43
268
521
5031
5281
62
268
540
5012
5309
61
270
492
5040
5308
60
253
527
5049
5322
61
278
517
5039
5294
40
275
537
5036
5315
60
276
504
5025
5322
62
270
525
5039
5321
58
262
533
5048
5321
29
282
530
5043
5308
64
198
460
4974
5260
102
128
390
4978
5082
85
59
235
4914
5048
83
123
263
4904
4991
83
132
277
4922
5044
85
123
247
4900
5051
56
214
333
4930
5011
88
210
380
4984
5090
86
219
357
4974
5079
88
227
434
5037
5074
93
181
380
4977
5089
59
209
409
4986
5066
63
203
396
4953
5084
61
215
409
5024
5085
91
183
388
4954
5109
41
188
399
4986
5065
81
106
353
4822
5071
77
100
304
4933
5042
49
60
225
4939
5038
76
184
243
4955
5022
56
147
207
4919
5079
89
171
220
4809
4953
77
176
156
4812
4994
71
227
122
4772
4954
76
232
141
4755
5005
75
199
145
4763
5002
51
191
2845
4905
2228
180
110
103
4738
2124
154
107
139
5072
2292
91
306
124
4074
1395
126
84
84
5025
2823
162
169
113
4995
2342
185
137
451
4787
2350
114
294
295
4876
2684
153
115
62
4866
3367
197
160
101
5007
2678
138
104
774
4998
2719
76
271
207
5053
2779
104
314
253
4995
2975
52
298
300
5044
3012
82
178
427
4962
3085
39
241
459
5034
3024
34
229
557
5003
3097
33
302
493
4999
3086
34
267
557
5014
3166
35
265
541
5023
3137
36
282
619
5041
3149
54
284
563
5039
3162
53
285
558
5062
3180
52
284
557
5063
3195
55
306
560
5054
3202
53
309
565
5063
3240
54
301
557
5052
3262
36
307
585
5062
3274
57
298
585
5056
3289
53
305
583
5062
3300
54
306
582
5063
3319
58
297
576
5065
3335
34
292
585
5083
3354
35
292
587
5083
3363
60
303
589
5072
3378
35
309
585
5084
3408
56
299
585
5071
3431
34
313
610
5081
3439
57
298
612
5071
3459
58
295
595
5063
3464
33
286
608
5073
3479
57
286
593
5072
3490
57
293
595
5070
3498
36
293
586
5072
3517
59
289
615
5067
3533
34
292
585
5070
3546
57
291
579
5071
3567
34
297
579
5075
3584
33
296
586
5068
3600
52
294
584
5063
3617
38
233
530
5010
3636
51
199
492
5037
3645
36
186
482
5056
3660
59
237
468
5073
3676
69
257
445
5056
3757
63
277
434
5049
3806
37
275
508
5061
3864
61
325
542
5043
3861
63
285
577
5066
3926
65
250
552
5067
3906
64
276
590
5060
3891
62
279
565
5065
3935
60
280
519
5070
3962
64
284
545
5065
3983
66
277
543
5060
4002
61
277
557
5067
4015
63
276
550
5062
4030
67
272
543
5085
4053
67
264
534
5063
4070
68
290
541
5095
4087
72
264
526
5055
4134
65
297
520
5065
4141
61
270
552
5071
4193
64
277
538
5058
4158
68
276
565
5057
4169
62
273
546
5075
4188
66
269
551
5059
4197
39
286
554
5070
4270
64
276
537
5062
4255
63
322
592
5065
4273
29
285
559
5070
4333
62
253
501
5005
4311
84
224
513
5058
4336
83
1083
1053
5100
4259
279
211
141
3642
45
38
72
55
179
74
181


countEmpty = 446869	countFull = 0
