63
77
42
42
61
87
61
54
2038
1722
33
53
36
2196
1855
43
36
35
2229
1888
31
34
35
2261
1897
34
39
35
2325
1917
40
37
33
2336
1885
32
34
34
2406
1903
2634
2689
54
45
38
2656
2665
52
45
39
2560
2590
52
43
40
2518
2530
55
46
41
2452
2466
54
44
37
2571
2565
55
45
40
2364
2371
54
44
39
2262
2294
53
46
40
2240
2249
75
45
37
2115
2229
55
46
48
2059
2125
53
45
65
2043
2104
51
45
38
1979
2060
53
45
41
1885
1932
55
46
39
1843
1873
54
47
39
1779
1828
54
43
58
32
41
129
84
182
136
111
131
86
173
132
110
135
91
186
139
116
133
86
186
141
118
134
90
185
137
116
136
88
177
134
114
131
87
168
125
105
222
89
265
99
66
123
80
77
108
79
122
86
57
97
74
55
43
52
94
71
75
45
51
93
71
83
45
57
36
31
56
30
37
52
29
55
31
36
34
31
56
30
35
51
32
54
29
34
34
30
53
30
36
34
32
52
31
35
33
29
52
29
35
33
32
51
30
37
35
31
84
29
36
32
30
76
32
35
33
30
92
30
39
60
35
38
31
37
34
34
41
33
37
77
92
41
28
38
33
34
38
30
54
35
34
40
29
37
33
34
39
31
35
35
33
41
32
36
35
35
40
32
35
36
35
37
30
37
33
33
47
31
55
30
35
55
33
39
49
29
41
31
58
50
29
41
30
37
31
27
39
30
35
31
32
55
31
38
32
28
39
30
58
31
51
40
31
36
32
27
40
31
57
31
50
82
30
37
52
29
94
30
57
29
48
41
31
38
30
28
106
34
36
29
31
54
32
37
33
27
43
32
60
52
30
39
30
58
32
28
40
31
49
54
28
42
31
37
32
21
31
22
37
53
30
41
23
38
32
24
51
24
36
62
31
29
22
39
48
25
30
29
59
32
28
30
23
63
30
27
29
22
38
32
28
28
22
33
54
28
27
21
35
78
30
27
23
36
134
69
26
21
36
275
146
28
22
34
372
244
30
22
36
465
341
27
22
36
569
447
28
21
36
658
542
27
23
36
757
645
26
21
34
856
745
32
23
34
959
855
28
22
36
1058
952
28
21
53
1144
1057
27
22
49
1233
1151
28
21
52
1316
1253
30
21
52
1401
1355
29
22
48
1491
1461
28
22
34
1530
1534
27
22
49
1599
1601
27
22
51
1681
1685
28
22
53
1767
1769
28
22
53
1852
1854
28
21
53
1935
1939
27
22
52
2023
2024
29
22
52
2100
2102
52
33
81
2154
2161
47
34
90
2220
2250
42
32
66
2338
2368
39
34
38
2399
2428
39
72
42
2476
2492
41
32
38
2536
2608
44
32
52
2629
2657
42
33
61
2742
2772
40
32
33
2806
2823
41
42
33
2649
2716
46
36
34
2804
2837
75
37
33
2692
2768
64
36
32
2690
2724
62
33
32
2700
2732
66
35
32
2696
2732
66
36
33
2688
2721
65
37
33
2685
2718
67
34
32
2693
2730
62
31
30
2711
2747
64
33
33
2703
2741
80
35
32
2684
2715
63
36
33
2699
2731
66
33
31
2699
2731
63
34
34
2707
2738
61
33
31
2753
2772
42
34
34
5457
5480
242
197
175
2861
2882
84
149
126
3046
3067
248
205
181
3084
3111
247
198
176
3346
3365
252
201
178
1851
1867
242
196
174
3108
3128
249
202
180
3041
3062
248
199
177
3690
3705
230
199
179
3201
3181
271
203
177
3077
3066
86
121
107
3076
3081
51
72
79
2904
3010
54
44
73
2835
2919
53
48
73
2842
2887
44
37
35
2839
2914
42
35
35
2868
2925
41
33
53
2864
2930
56
32
54
2880
2922
57
30
53
2897
2924
39
32
54
2918
2922
54
30
53
2908
2940
56
31
52
2926
2933
57
33
55
2980
2984
55
30
54
2945
2953
56
30
54
2978
2983
62
33
50
2957
2965
41
49
50
2955
3006
39
48
53
2968
3003
40
30
50
2969
3012
55
48
49
2971
3011
39
45
50
2990
3011
56
48
96
2995
3028
56
48
45
2973
3027
56
46
48
2974
3014
59
83
97
2985
3002
39
31
49
2990
3086
90
54
78
2999
2981
40
54
30
2953
2960
40
35
47
2945
3024
38
33
51
2945
2993
39
31
47
2980
2983
39
47
54
2954
2998
42
32
36
2890
2940
58
30
50
2883
2888
58
31
53
2852
2856
38
31
48
2860
2865
75
51
38
2825
2830
39
28
50
2882
2889
100
32
55
2850
2852
54
30
53
2916
2920
34
30
52
2937
2942
36
29
53
2929
2932
37
31
51
2929
2931
35
28
51
2931
2935
38
29
53
2930
2935
36
29
49
2927
2930
33
30
52
2931
2934
36
30
53
2929
2931
36
32
52
2927
2929
37
30
50
2939
2944
35
30
52
2913
2950
35
30
52
2929
2931
37
31
54
2930
2934
37
31
30
2925
2960
56
29
50
2935
2937
36
29
51
2942
2946
37
30
52
2935
2941
54
30
51
2942
2944
37
28
50
2947
2950
37
30
52
2933
2982
35
30
52
2935
2936
37
30
53
2937
2938
54
31
53
2934
2938
36
29
52
2940
2940
57
31
53
2945
2949
37
30
58
2943
2943
53
30
34
2946
2948
38
31
53
2948
2950
39
30
49
2945
2978
60
32
50
2958
2960
38
31
47
2976
3023
38
47
49
2970
2974
37
30
51
2968
3008
38
30
45
2975
3018
58
48
50
2956
3003
87
115
74
2862
2894
54
51
75
2853
3006
60
52
72
2826
2927
52
51
75
2805
2929
41
52
79
2776
2876
77
44
72
2742
2872
56
48
75
2795
2843
40
44
75
2777
2822
52
46
74
2710
2795
83
34
79
2767
2809
57
37
76
2784
2813
55
37
76
2759
2829
53
38
76
2735
2845
54
50
75
2695
2846
54
38
81
2687
2885
54
36
72
2684
2877
53
49
69
2646
2877
54
51
48
2573
2889
54
50
75
2544
2859
55
50
75
2513
2833
57
50
75
2498
2823
59
52
76
2480
2795
54
51
75
2462
2776
55
51
75
2429
2752
53
51
77
3011
3067
82
57
161
2559
2784
108
49
128
2469
2648
128
85
135
2535
2551
134
89
134
2819
2836
253
205
181
1376
1395
192
141
125
4465
4492
181
143
127
3232
3252
181
145
129
2880
2901
199
139
122
3138
3144
68
64
49
3107
3116
41
82
95
3008
3047
42
32
53
2980
3062
40
31
46
2970
2994
57
29
52
2969
3011
62
47
53
2949
2999
42
31
95
2971
3004
41
30
51
3003
3009
59
31
52
2958
2985
58
31
50
2956
2991
58
49
96
2991
3026
39
29
35
2952
3048
57
31
75
2975
2956
40
31
74
2980
2972
57
32
99
2995
2977
59
33
94
3007
3009
63
51
66
2997
2983
40
31
97
2977
3030
57
31
96
2975
2979
38
31
49
2952
2954
53
31
99
2965
2966
39
52
69
2950
2931
57
51
91
2974
3012
38
31
79
2989
3027
57
31
35
2959
2981
107
155
116
2963
2964
40
33
73
2998
3144
39
34
53
2933
2955
42
113
99
2995
3015
38
33
44
2884
3083
36
34
49
2883
3014
38
33
31
2879
3020
27
34
48
2876
3000
38
34
50
2866
3014
27
33
31
2909
3017
37
34
49
2904
2999
28
31
50
2942
3019
30
31
48
2938
3027
53
86
73
2941
2955
35
49
70
3002
3057
37
28
65
3018
3026
35
30
29
2994
3005
52
48
74
2998
2980
36
31
76
2975
2991
35
31
74
2989
2948
37
30
34
2946
2948
35
29
32
2953
2956
34
32
53
2948
2954
35
29
33
2960
2963
37
31
51
2958
2965
36
33
52
2948
2984
36
31
32
2978
2982
38
30
47
2961
2998
33
31
47
2986
3026
36
45
72
2982
3015
37
50
30
2968
3023
37
30
48
2969
3033
37
30
46
2972
2976
37
48
50
2966
3010
38
29
50
2969
3015
39
31
48
2972
3015
35
33
71
2987
3010
39
31
51
2943
2995
36
33
52
2942
2945
40
31
54
2919
2971
39
31
53
2951
2953
40
33
51
2947
2949
88
75
45
2863
2871
55
76
99
2865
2938
51
50
109
2830
2926
54
49
49
2795
2901
56
52
78
2788
2893
53
49
80
2788
2894
52
47
48
2792
2903
54
50
78
2790
2895
51
50
78
2797
2898
54
51
77
2792
2901
55
50
80
2791
2894
40
48
47
2801
2906
42
46
77
2791
2909
55
34
80
2834
2838
54
78
44
2780
2836
55
48
72
2755
2965
52
49
73
2722
2895
55
50
78
2709
2895
55
47
78
2710
2895
58
52
49
2712
2898
56
48
78
2718
2901
58
47
78
2720
2901
54
48
80
2720
2895
56
52
49
2721
2899
56
49
48
2722
2911
59
51
75
2726
2913
53
49
74
2737
2921
54
50
42
2742
2930
58
51
72
2737
2946
45
76
74
2731
2933
45
53
73
2732
2948
46
74
72
2781
2942
82
84
51
47
31
110
82
88
2761
2817
129
120
82
2957
2901
572
406
247
2696
2631
182
283
160
2938
3035
487
235
144
2637
2835
83
90
119
3128
3147
265
201
179
2691
2837
197
142
127
3219
3235
173
140
125
3065
3080
183
129
113
3150
3156
104
111
94
3118
3104
40
84
52
2981
3031
63
29
62
2958
3073
57
52
49
2951
2972
59
49
51
2951
3006
99
79
93
2963
3013
41
29
52
3047
3053
42
47
95
2972
2978
43
31
77
3040
3044
40
55
30
2964
3017
40
52
92
2968
3033
40
29
74
2988
3037
42
58
75
2980
2986
41
55
75
2985
3040
56
56
73
2981
3071
44
93
97
2979
3030
39
148
111
2994
3086
61
84
74
2973
3096
40
110
92
3008
3058
36
29
55
2980
3096
54
51
45
2972
2975
36
29
48
2969
3018
52
48
73
2977
3000
60
52
71
2956
2980
35
28
76
2966
2993
37
29
33
2945
2944
54
47
48
2949
2953
85
31
32
2927
2971
78
52
72
2951
2999
74
50
47
2933
2984
80
53
48
2929
2975
76
51
45
2938
2992
77
51
71
2953
2983
38
56
47
2937
2988
35
93
45
2854
2980
37
90
48
2812
2982
37
92
92
2798
3002
36
73
34
2747
2992
38
75
75
2725
3010
34
78
30
2668
2974
37
78
55
2631
2972
36
34
35
2589
3017
35
32
51
2556
2926
34
35
79
2502
2871
37
24
64
2424
2772
36
32
51
2365
2721
37
26
54
2324
2725
37
25
53
2310
2710
35
27
86
2276
2697
36
28
77
2230
2677
36
27
76
2182
2660
35
25
77
2135
2642
38
25
75
2088
2621
34
24
76
2044
2601
38
55
81
1988
2576
37
27
76
1953
2596
37
26
78
1902
2573
37
26
204
1737
2433
37
27
72
1732
2461
37
27
73
1735
2497
35
27
80
1717
2508
35
26
35
1710
2529
38
26
35
1716
2520
38
28
35
1725
2563
37
26
32
1741
2562
27
26
52
1740
2612
39
28
51
1729
2641
37
24
48
1780
2706
47
39
95
1718
2683
39
36
79
1708
2713
53
37
77
1747
2752
40
39
76
1800
2798
40
36
76
1781
2828
40
39
82
1809
2849
40
50
65
1822
2880
38
50
50
1787
2887
40
50
73
1801
2855
39
48
77
1803
2840
41
51
76
1818
2806
39
51
76
1831
2782
40
50
77
1837
2765
40
50
74
1852
2731
40
38
74
1868
2712
40
50
76
1873
2664
40
39
106
1925
2699
40
43
74
1946
2654
45
60
137
1791
2567
42
37
50
1859
2651
43
40
56
1819
2602
44
40
78
1850
2648
45
40
53
1713
2482
44
38
49
1762
2535
45
39
55
1772
2527
45
39
52
1822
2571
43
41
53
1838
2565
42
38
44
1950
2616
44
53
40
1939
2712
45
51
37
1940
2807
44
58
54
4877
4950
81
69
129
1988
2731
248
203
181
1880
2540
268
199
179
3222
3248
243
202
180
3190
3287
246
201
178
4468
4489
239
207
186
3194
3170
239
208
181
3377
3358
255
198
175
3204
3187
304
297
62
2948
2971
60
54
55
3041
3076
67
70
99
2916
2991
61
30
82
2960
3025
60
33
36
2929
2960
60
30
110
2942
2959
59
31
50
2911
2944
59
32
33
2932
2964
60
47
50
2951
2979
59
49
71
2974
3000
59
32
96
2971
3017
58
52
93
2974
3021
58
28
33
2971
3023
54
30
71
2995
2974
53
48
92
3014
3001
56
49
91
2980
3025
54
29
76
2979
3030
56
29
57
2982
2965
54
30
93
2968
2968
56
30
73
2988
2992
54
28
75
2992
2994
58
55
75
2995
2998
53
28
76
3000
3052
55
53
73
2996
2999
54
30
70
3003
3052
54
52
72
2998
3048
54
28
72
3006
3055
55
53
72
2999
3050
54
32
71
2999
3050
56
52
69
2995
3046
56
29
71
3000
3049
55
31
73
3000
3051
55
52
73
2998
3047
55
29
74
2999
3048
54
30
71
3005
3056
53
53
72
2997
3046
55
31
73
2998
3052
53
53
72
2997
3047
55
30
73
2999
3053
41
131
92
2996
3042
39
87
71
2984
3076
228
141
120
3003
3020
130
109
98
3021
3024
119
124
98
3059
3065
116
80
90
3050
3051
89
107
74
3040
3058
178
109
95
2983
3035
111
109
72
3045
3047
125
79
31
2959
3013
80
51
31
2977
2980
83
54
30
2932
2981
78
52
48
2932
2985
76
51
50
2928
2980
36
57
46
2927
2985
37
40
29
2776
2906
36
34
32
2725
3006
38
54
48
2692
2985
37
36
57
2660
2987
37
36
32
2671
2982
36
82
51
2651
2972
36
76
30
2607
2979
37
75
33
2559
2969
36
145
33
2467
2930
38
57
30
2375
2946
37
54
45
2349
3018
35
53
50
2328
3009
38
55
47
2291
2980
38
56
46
2262
2992
36
75
30
2236
2998
39
80
31
2185
2973
35
206
34
2041
2888
56
49
43
1869
2904
54
80
46
1814
2919
52
75
44
1771
2919
55
50
72
1727
2914
53
53
75
1733
2906
50
52
71
1731
2919
58
85
77
1693
2924
95
53
80
1685
2924
58
56
78
1691
2863
47
53
78
1672
2856
56
57
80
1644
2843
47
53
77
1658
2838
42
58
80
1632
2821
44
56
79
1662
2826
46
57
80
1671
2793
44
51
70
1704
2779
44
57
50
1681
2714
45
52
76
1709
2719
45
42
75
1736
2715
46
53
78
1766
2672
41
43
78
1794
2716
46
40
79
1809
2697
45
44
78
1831
2722
44
38
87
1852
2748
44
41
75
1905
2798
45
39
80
1952
2795
45
41
72
1991
2837
46
66
47
1997
2867
44
90
47
1925
2826
46
74
47
1902
2912
42
84
49
4894
4967
83
186
159
2047
2977
2041
180
147
741
1536
77
198
151
3997
4023
82
193
148
883
3112
80
199
152
942
3121
79
197
149
768
3207
77
196
152
896
3119
83
190
144
836
3079
76
196
152
763
2976
121
143
109
873
3214
50
99
103
928
3122
39
58
71
875
3053
37
34
50
833
2990
37
34
50
843
2987
41
35
53
846
2968
39
34
63
857
2961
38
35
34
873
2971
39
36
53
886
2976
38
34
52
897
2983
39
35
52
905
2981
38
35
53
908
2975
37
34
54
917
2977
37
34
52
933
2980
37
35
33
933
2982
43
33
31
949
2991
37
37
51
961
2989
37
33
31
973
3018
39
52
50
975
2997
38
37
48
989
3016
36
33
49
1007
3020
37
35
49
999
3013
38
34
51
1009
3012
38
33
50
1019
3018
36
35
50
1015
3009
38
33
51
1023
3012
37
33
47
1033
3019
39
52
49
1042
3013
38
53
50
1038
3012
38
50
49
1045
3017
79
36
50
1050
3012
75
34
49
1093
3013
71
50
47
1127
3016
74
50
48
1154
3016
78
53
51
1185
3009
36
51
92
1231
3027
35
38
59
1187
3014
35
35
75
1165
2987
39
54
72
1154
2986
35
55
72
1160
3011
36
53
70
1155
3010
27
56
74
1116
2997
36
56
72
1118
3008
35
55
71
1141
3010
28
54
73
1131
3010
27
53
72
1114
3007
29
55
74
1129
2998
28
63
76
1121
2987
30
60
70
1122
2994
28
33
70
1158
3011
28
55
73
1180
3008
29
55
70
1196
3011
27
26
70
1225
3016
28
87
51
1149
2930
27
87
94
1180
3055
26
106
89
1164
3043
29
65
70
1179
3070
27
72
99
1225
3034
30
93
95
1227
3054
30
89
95
1247
3062
28
89
92
1261
3059
29
87
93
1278
3061
29
90
93
1289
3058
29
35
52
1305
3061
28
63
49
1275
2980
28
36
50
1281
2996
27
35
34
1313
2991
30
55
75
1353
2985
31
63
73
1369
2998
33
58
31
1376
3011
29
65
47
1239
2867
44
157
105
1167
2912
42
158
111
1174
3011
46
54
76
1209
3023
42
82
48
1213
2913
46
78
49
1209
2903
44
57
78
1215
2902
45
53
80
1264
2890
41
88
78
1314
2900
48
80
78
1337
2933
42
59
80
1359
2920
43
54
77
1371
2870
44
58
81
1442
2863
43
51
77
1480
2854
45
58
80
1499
2837
45
52
80
1510
2813
45
55
82
1586
2803
43
54
90
1654
2780
47
52
78
1752
2777
49
52
77
1840
2756
47
54
81
1980
2719
45
51
77
2078
2693
45
50
114
2147
2713
44
52
71
2165
2645
44
52
79
2247
2648
44
50
81
2293
2648
44
52
79
2353
2653
46
52
78
2432
2662
45
49
50
2558
2724
74
47
82
2561
2654
58
32
51
2645
2698
115
50
45
2609
2454
233
209
190
2876
2821
270
203
187
3193
3139
257
208
183
1755
1764
250
202
180
3175
3197
251
204
184
3173
3194
287
245
222
3098
3084
276
201
178
3228
3250
254
204
180
3518
3535
249
203
181
3049
3063
215
165
124
3213
3212
37
109
93
3186
3189
36
31
31
2970
3103
36
34
73
2964
2996
36
36
32
2944
2992
37
32
32
2948
3025
39
32
50
2946
2995
38
30
48
2973
3018
52
49
52
2954
3002
67
53
88
2964
3014
38
33
33
2960
3016
35
33
76
2941
2967
52
32
74
2976
2970
53
31
35
2940
2940
54
30
54
2937
2943
53
30
34
2957
2956
54
47
48
2966
2968
61
50
90
2969
3017
37
33
30
2962
3015
36
34
33
2936
3030
35
30
72
2947
2975
53
32
36
2940
2941
52
33
98
2975
2992
54
31
49
2947
2949
52
29
52
2944
2945
54
29
106
2982
2960
55
31
32
2953
2956
54
31
49
2970
2976
55
47
53
2957
3001
53
29
50
2941
2990
57
32
53
2950
2954
37
32
30
2967
3017
52
48
94
2984
3028
52
50
98
2974
3018
55
31
34
2953
3005
53
31
49
2944
2947
52
32
52
2947
2949
52
31
33
2963
2964
54
47
91
2980
2984
54
49
74
2969
2998
61
33
49
2942
2989
54
30
57
2958
3008
51
47
48
2969
3013
53
47
50
2958
3007
55
32
93
2974
3020
35
32
93
2985
2986
53
29
91
2988
3036
54
48
48
2970
3016
55
31
45
2957
3005
30
33
48
2969
2973
54
88
72
2919
2946
40
54
53
2977
3043
37
34
72
2946
3020
37
34
34
2940
3025
56
29
49
2947
2996
36
47
72
2985
3011
60
55
49
2939
2990
56
100
94
2962
2998
87
55
29
2936
3029
41
52
48
2949
3007
58
110
32
2900
2944
56
32
53
2897
3004
55
103
50
2902
2906
41
36
73
2916
2993
41
34
32
2863
2961
41
36
32
2897
2949
42
35
51
2861
2897
40
34
46
2871
2971
40
102
57
2741
2867
41
35
35
2753
2957
41
35
57
2753
2929
71
56
80
2742
2881
62
50
82
2737
2775
60
48
51
2713
2787
80
44
151
2629
2674
84
46
51
2670
2699
83
44
55
2628
2664
80
45
51
2684
2714
84
47
49
2666
2689
79
46
52
2716
2841
80
143
50
2677
2706
84
45
53
2724
2868
127
72
45
2694
2727
93
47
63
2765
2834
86
50
42
2768
2804
59
78
35
2865
2920
60
92
46
2694
2898
58
50
73
2667
2948
60
55
77
2674
2909
58
52
73
2719
2925
57
50
75
2719
2946
58
51
74
2747
2921
54
49
35
2746
2949
59
52
61
2694
2853
54
52
71
2647
2795
50
52
77
2623
2766
53
51
78
2605
2744
52
37
64
2604
2726
57
39
52
2539
2638
53
36
76
2528
2653
82
58
122
2622
2673
178
155
117
2671
2692
196
205
142
3024
3044
208
223
148
3008
3016
198
206
150
4384
4373
248
210
187
3086
3063
246
204
179
3183
3164
236
199
177
3181
3165
438
211
182
244
274
274
205
182
3110
3074
82
118
75
3012
3046
45
34
32
2907
3058
39
32
29
2913
2996
38
37
30
2917
3006
41
35
31
2929
3018
37
33
49
2932
3020
37
35
50
2925
3009
38
32
50
2918
3010
39
33
52
2917
3010
36
34
50
2929
3016
35
34
51
2928
3016
38
35
50
2917
3012
38
35
50
2919
3012
39
33
49
2916
3017
36
35
48
2918
3012
36
49
94
2928
3030
37
33
46
2905
3015
38
32
49
2901
3020
37
34
47
2907
3015
37
32
50
2900
3016
37
34
47
2903
3022
35
32
50
2896
3014
36
33
48
2889
3009
39
34
50
2891
3016
36
33
29
2894
2997
41
35
48
2889
2995
37
33
50
2895
3012
36
34
49
2898
3019
37
34
49
2890
3013
36
33
97
2900
3024
37
32
76
2888
3028
37
34
76
2883
2994
37
34
74
2879
2988
38
33
77
2867
2984
42
36
77
2863
2975
39
33
76
2862
2974
37
34
75
2851
2963
37
33
75
2847
2964
39
32
78
2841
2954
37
34
78
2837
2945
35
35
77
2833
2943
37
34
76
2823
2942
40
36
78
2822
2935
30
33
75
2816
2935
29
36
75
2803
2926
39
33
77
2820
2917
35
31
78
2862
2911
40
22
77
2871
2903
42
25
79
2943
2950
44
25
78
2960
2962
41
27
73
2962
2999
42
110
75
2909
2951
31
127
93
2934
3066
34
105
108
2928
3091
142
109
98
2879
3029
124
105
92
3072
3075
122
101
88
3058
3081
158
104
92
3015
3035
121
123
94
3055
3062
102
50
29
3027
3033
57
57
33
2942
2994
40
59
31
2899
2958
42
33
49
2869
3020
42
91
77
2833
2949
40
34
50
2842
3077
42
60
32
2776
2948
41
56
48
2766
3003
45
106
32
2716
2956
43
36
49
2739
2985
92
35
56
2722
2893
43
34
53
2776
2895
41
39
37
2714
2836
69
49
74
2679
2786
59
51
57
2613
2694
60
51
79
2687
2743
149
58
76
2576
2707
58
51
75
2652
2781
131
47
80
2596
2742
60
45
77
2666
2718
57
47
77
2644
2689
55
45
72
2623
2668
55
46
75
2595
2651
56
44
76
2583
2634
42
46
66
2563
2610
55
41
50
2453
2522
81
45
78
2538
2585
78
44
80
2540
2571
55
49
74
2538
2580
83
33
80
2481
2550
57
49
66
2493
2520
52
38
51
2400
2511
57
50
77
2368
2475
54
50
75
2358
2506
55
38
75
2334
2481
52
38
80
2307
2437
53
39
78
2275
2454
54
38
76
2252
2465
52
37
63
2237
2493
42
41
49
2168
2463
40
40
78
3620
3645
77
59
134
2228
2585
81
58
127
2275
2438
106
48
129
2925
2946
138
90
137
2430
2445
137
88
150
983
996
134
85
146
717
729
137
90
147
971
985
128
85
151
779
790
141
89
137
766
773
131
91
149
1363
1362
51
43
85
1356
1360
78
42
110
1303
1305
44
30
33
1331
1359
38
29
57
1325
1326
38
30
34
1329
1330
37
31
51
1331
1334
35
30
55
1326
1328
35
30
34
1327
1358
37
30
79
1344
1322
37
30
34
1321
1320
37
30
51
1328
1331
56
32
53
1320
1321
36
32
54
1331
1332
37
30
53
1303
1353
39
31
53
1331
1332
37
30
52
1334
1337
38
31
52
1330
1332
54
31
53
1329
1333
37
30
52
1340
1342
38
29
54
1342
1345
59
31
53
1339
1340
36
30
51
1347
1350
37
30
51
1352
1351
37
31
53
1350
1352
38
29
54
1350
1353
37
31
53
1352
1353
54
31
51
1349
1354
37
31
51
1366
1369
61
29
56
1339
1380
38
32
51
1372
1376
36
30
54
1371
1373
37
30
53
1370
1372
38
30
53
1371
1376
36
31
52
1376
1376
38
31
55
1372
1374
37
31
59
1361
1365
57
32
153
1346
1366
58
29
58
1354
1333
60
31
130
1316
1295
31
29
74
1327
1303
41
24
78
1398
1359
42
24
80
1454
1409
40
27
82
1478
1438
39
26
78
1453
1474
40
27
97
1430
1487
41
27
37
1410
1506
39
25
55
1432
1520
52
58
35
1441
1566
42
28
57
1492
1651
43
30
55
1492
1677
41
26
56
1525
1702
40
28
58
1525
1722
39
26
53
1532
1759
40
30
60
1527
1774
39
26
54
1540
1812
62
29
57
1534
1835
40
28
56
1557
1868
29
28
59
1556
1897
43
27
55
1558
1946
37
28
57
1598
1964
38
27
34
1605
2002
39
30
59
1599
2020
45
28
55
1605
2070
30
31
59
1609
2102
31
26
56
1605
2174
32
31
59
1634
2197
42
27
37
1671
2278
40
29
55
1716
2305
31
27
53
1722
2354
40
30
56
1718
2384
28
25
53
1761
2448
30
27
50
1750
2476
29
24
51
1790
2513
48
43
118
1819
2492
42
37
75
1810
2504
42
38
80
1853
2553
41
37
50
1899
2596
40
38
77
1938
2638
41
39
82
1975
2675
40
37
77
2019
2724
39
40
78
2058
2758
42
39
78
2097
2795
41
36
49
2144
2844
43
39
73
2191
2875
40
85
45
2149
2859
41
51
73
2168
2958
41
50
76
2180
2900
39
49
72
2202
2877
41
50
75
2212
2845
41
49
76
2226
2815
40
52
77
2243
2791
41
48
79
2262
2763
41
49
74
2283
2744
43
52
75
2313
2722
39
48
75
2329
2699
40
50
75
2345
2672
41
50
75
2358
2643
41
50
73
2384
2625
41
51
77
2398
2598
39
48
109
3838
3826
135
92
125
2556
2535
125
81
123
2656
2673
130
86
148
2824
2843
135
88
121
2970
2987
246
199
176
2775
2800
249
201
179
3236
3255
250
203
182
3132
3148
244
200
178
3099
3114
263
199
175
3168
3192
262
207
184
3107
3071
81
70
44
3032
3066
54
44
107
2921
2956
55
45
140
2857
2886
50
36
35
2898
2941
37
33
51
2879
2930
37
32
54
2868
2946
36
34
53
2871
2945
35
33
51
2867
2953
36
32
55
2859
2945
40
34
53
2857
2948
37
31
56
2855
2946
36
34
52
2858
2947
33
34
52
2855
2951
35
33
54
2848
2946
38
37
34
2846
2948
38
35
55
2845
2952
38
33
50
2847
2957
35
34
51
2849
2957
36
34
54
2839
2952
39
33
53
2834
2957
35
34
52
2838
2958
38
33
51
2832
2957
40
34
56
2827
2947
35
37
52
2833
2951
37
32
53
2825
2954
35
35
55
2825
2949
42
33
54
2825
2950
42
34
52
2833
2957
41
35
56
2841
2952
42
34
34
2846
2974
46
36
55
2850
2951
40
35
56
2854
2948
40
33
52
2867
2957
63
31
55
2871
2950
40
31
54
2936
2958
57
46
96
2957
2960
61
126
90
2985
2988
209
129
96
2906
3034
71
52
32
3040
3047
73
73
48
2988
2995
73
52
36
2988
2996
74
77
30
2953
2956
75
52
53
3007
3012
142
152
33
2939
2943
71
49
49
2995
3001
129
56
34
2915
2916
72
51
56
2970
2979
39
106
51
2932
2938
92
55
52
2884
2986
72
50
35
2892
2895
41
30
52
2901
2905
40
32
84
2819
2821
57
32
33
2890
2889
155
58
51
2845
2841
40
33
30
2968
2971
38
105
55
2871
2953
41
51
54
2860
2998
43
123
30
2814
2960
39
35
48
2809
3017
41
96
50
2772
2950
38
35
50
2756
2991
40
37
53
2751
2922
38
35
52
2761
2929
36
34
52
2755
2926
38
37
53
2764
2930
36
34
54
2769
2931
37
34
52
2775
2932
39
33
54
2783
2927
39
34
53
2793
2931
38
35
52
2810
2936
36
34
52
2822
2939
39
37
52
2826
2936
37
35
55
2830
2935
35
33
33
2839
2940
92
47
77
2826
2895
82
47
74
2839
2913
77
46
80
2848
2891
79
44
74
2855
2901
83
73
73
2867
2917
77
44
73
2844
2918
79
45
77
2843
2887
77
45
48
2865
2914
78
68
75
2869
2912
43
70
73
2873
2943
81
76
45
2796
2870
79
69
43
2876
2952
81
44
71
2862
2929
78
44
69
2882
2927
78
69
72
2879
2947
80
65
72
2880
2948
78
69
74
2875
2932
79
45
72
2846
2914
40
45
73
2862
2906
54
70
43
2785
2827
83
71
43
2889
2960
77
44
75
2874
2943
81
47
70
2864
2909
55
44
73
2848
2920
77
45
75
2847
2892
89
46
74
3756
3779
250
242
184
2909
2957
220
177
182
3126
3146
223
205
181
2998
3048
246
200
177
3095
3117
247
200
181
3066
3087
246
201
180
3132
3155
242
198
178
3053
3072
249
202
180
3680
3698
242
200
181
3197
3217
252
197
174
3108
3074
82
118
108
3053
3051
54
49
68
2859
2980
54
51
49
2786
2913
56
51
78
2759
2863
47
35
52
2770
2884
37
34
53
2770
2875
35
36
55
2761
2869
38
34
54
2759
2871
37
35
55
2761
2871
39
33
33
2761
2872
43
34
55
2767
2867
38
35
53
2773
2868
37
34
53
2769
2874
36
34
33
2768
2873
36
31
51
2770
2877
40
35
54
2762
2870
45
35
56
2772
2868
40
35
56
2771
2857
40
34
55
2782
2864
108
32
55
2781
2857
41
32
54
2857
2891
72
30
77
2836
2817
56
29
83
2856
2836
100
32
61
2818
2797
58
30
75
2863
2862
39
35
72
2900
2882
39
35
74
2929
2936
40
38
126
2882
2871
40
36
58
2884
2919
43
110
53
2855
2938
42
35
34
2821
3008
44
34
63
2798
2916
31
37
79
2788
2895
33
37
80
2740
2846
31
32
50
2744
2836
42
24
56
2724
2763
44
25
33
2824
2826
41
25
35
2810
2807
42
26
35
2822
2860
60
27
30
2841
2897
41
35
25
2867
2947
41
37
35
2826
2983
40
35
50
2816
2958
39
54
56
2814
2950
40
34
53
2825
2975
42
35
57
2812
2941
42
36
52
2808
2923
42
36
69
2796
2904
41
36
35
2816
2917
40
34
55
2829
2926
39
34
51
2838
2927
29
34
54
2844
2929
51
31
53
2846
2925
40
50
52
2892
2925
36
22
48
2953
2998
54
42
52
2948
2949
37
55
31
2894
2936
36
33
47
2867
3018
38
34
57
2865
3010
39
36
30
2880
3016
37
35
49
2893
3017
37
52
52
2893
3014
36
35
50
2908
3017
39
51
51
2910
3014
39
35
50
2920
3013
36
35
49
2935
3016
37
32
31
2939
3025
53
48
48
2947
2997
53
48
49
2963
3011
56
32
44
2956
3001
53
30
51
2963
3013
53
47
48
2963
3011
53
48
51
2955
3011
58
32
48
2956
3001
52
48
51
2956
2958
90
76
45
2850
2883
55
71
43
2866
2945
81
44
70
2818
2922
55
43
77
2833
2882
77
47
77
2820
2854
84
49
78
2785
2837
42
43
77
2788
2837
55
42
78
2725
2796
79
46
77
2814
2860
75
36
73
2839
2885
60
51
36
2843
2877
52
50
50
2783
2894
56
48
79
2758
2864
55
47
77
2749
2831
52
47
76
2763
2811
78
42
76
2739
2782
77
43
79
2725
2772
78
46
66
2712
2756
83
46
50
2649
2693
83
47
78
2643
2686
43
46
77
2626
2670
53
44
78
2567
2638
65
43
76
2673
2706
53
41
78
2669
2727
62
47
44
123
151
275
204
179
4422
4440
251
203
183
3075
3095
243
197
175
3058
3080
247
204
182
3058
3080
247
199
180
3185
3206
177
143
126
3727
3743
177
143
128
4567
4582
174
139
124
3094
3103
187
134
117
3195
3202
65
104
96
3157
3179
37
66
72
2973
3081
36
57
72
2926
3037
35
34
75
2919
3050
36
32
35
2885
2994
37
34
96
2885
2995
44
36
51
2864
2972
40
34
56
2885
2970
40
33
35
2881
2975
41
35
60
2878
2966
44
34
33
2896
2978
43
36
31
2910
2979
41
35
51
2923
2990
57
50
96
2928
3013
65
33
53
2989
3014
57
128
92
2980
2988
41
47
50
2942
3071
181
125
97
2933
2973
123
80
65
3084
3087
99
58
62
2966
2970
95
56
51
2947
2952
129
130
54
2937
2940
43
33
52
2972
2976
39
32
54
2877
2909
56
31
53
2887
2908
59
29
54
2888
2893
57
31
55
2921
2926
62
49
107
2868
2870
41
31
35
2901
2944
98
30
104
2876
2880
60
32
34
2899
2906
98
50
53
2906
2932
58
31
45
2948
2992
121
54
30
2875
2869
40
35
30
2957
3009
38
32
50
2916
3007
39
33
51
2976
3011
39
61
30
2862
2958
40
36
46
2844
3022
41
99
34
2751
2880
41
35
35
2755
2960
39
34
32
2767
2905
39
32
32
2781
2918
35
33
32
2783
2924
38
33
53
2782
2923
37
34
32
2783
2923
37
34
34
2786
2929
38
34
33
2786
2925
39
34
52
2782
2926
38
35
51
2784
2928
28
33
52
2784
2928
37
34
52
2771
2922
37
32
62
2796
2910
29
34
33
2803
2918
30
33
50
2799
2923
28
30
54
2825
2920
38
22
50
2858
2915
36
26
53
2897
2898
36
27
51
2888
2933
37
27
49
2880
2957
36
34
44
2870
2969
37
34
34
2814
2973
42
37
53
2793
2955
49
35
55
2802
2950
42
34
54
2845
2990
40
34
52
2842
2954
69
49
75
2813
2990
60
48
76
2818
2920
59
48
76
2815
2931
87
46
79
2800
2836
57
46
86
2773
2807
87
45
80
2750
2782
61
46
81
2728
2859
60
47
79
2710
2757
46
47
77
2691
2803
57
33
79
2637
2711
61
48
79
2815
2822
58
38
78
2748
2784
58
40
111
2754
2815
58
40
75
2674
2774
58
39
76
2683
2881
61
40
46
2703
2872
58
86
44
2616
2827
60
52
75
2601
2958
46
52
77
2578
2901
44
50
78
2558
2881
46
48
82
2578
2854
45
51
79
2613
2825
44
49
68
2648
2807
41
46
50
2622
2740
55
34
76
2629
2717
54
38
81
2709
2737
55
40
78
2707
2780
53
36
79
2708
2826
56
39
74
2703
2850
53
48
64
2687
2880
58
50
51
2607
2887
54
50
79
2586
2866
53
49
66
2561
2829
85
59
127
2605
2788
81
53
150
908
966
136
91
152
829
863
134
90
148
925
935
131
85
151
2365
2382
135
87
146
970
979
127
86
161
653
665
95
61
107
549
558
124
65
110
578
590
84
55
85
611
614
40
33
40
587
593
40
30
58
542
574
59
31
60
540
544
58
32
158
523
556
57
30
62
534
515
42
31
55
490
519
57
32
62
485
518
56
33
130
474
483
55
31
57
437
439
54
28
35
402
440
56
31
57
386
387
38
30
86
337
376
58
32
37
355
350
59
32
37
368
349
40
30
37
388
375
40
31
35
473
425
37
30
56
409
365
57
29
52
405
410
58
31
39
408
402
41
30
34
379
412
58
31
36
398
402
39
30
53
415
437
58
29
60
396
398
59
31
55
400
482
56
32
60
406
440
59
31
55
417
482
39
30
59
428
460
56
31
55
430
465
55
31
58
433
467
57
32
57
437
475
40
33
58
447
479
41
30
56
453
490
38
31
55
457
460
36
31
56
456
458
52
29
53
461
463
37
32
33
471
476
36
31
53
468
469
37
30
55
469
470
28
31
55
464
468
37
22
53
443
493
38
23
55
527
528
37
26
57
542
543
37
25
54
528
598
38
25
34
530
630
42
35
54
530
655
37
25
56
535
689
38
25
53
539
684
37
26
56
530
707
38
27
55
530
735
37
27
53
532
768
38
27
54
534
794
36
26
52
539
825
40
28
53
534
847
37
25
54
544
877
35
26
55
543
901
38
29
53
539
927
38
28
54
542
950
37
27
57
538
973
38
27
54
544
1009
36
25
54
548
1036
38
26
57
543
1065
38
27
53
557
1104
41
28
53
564
1133
37
26
54
573
1165
37
27
35
582
1195
42
27
48
598
1220
39
26
56
582
1204
38
27
74
572
1211
69
40
110
555
1191
54
37
109
562
1203
55
39
106
591
1240
41
39
105
605
1287
58
38
112
597
1321
54
36
109
664
1360
40
40
112
674
1393
39
36
110
664
1427
57
38
105
720
1475
56
40
97
579
1333
45
38
110
563
1360
42
38
136
533
1382
42
37
128
552
1406
39
39
48
560
1441
42
40
79
594
1476
41
37
80
637
1517
42
40
76
682
1557
41
37
48
717
1587
43
38
48
771
1642
42
40
49
827
1683
42
40
80
877
1736
40
39
80
919
1774
42
39
79
964
1817
40
38
47
1017
1870
43
38
81
1041
1895
40
37
78
1091
1941
39
39
76
1134
1983
41
38
78
1175
2023
42
37
47
1220
2071
45
44
76
1260
2110
48
38
76
1329
2174
61
40
160
1409
2261
171
156
115
2680
2726
167
146
115
3017
3064
381
511
265
2904
2785
135
91
78
3056
3120
446
302
279
2488
2493
219
205
181
3180
3199
249
201
177
1521
1566
344
295
184
2966
2969
82
113
105
3238
3229
52
139
98
2998
3112
44
60
32
2941
3120
39
33
93
2961
3043
43
33
79
2979
3030
44
112
94
2962
3001
42
111
75
2991
3086
38
182
78
2923
3027
40
34
47
2863
3078
42
33
101
2811
2945
44
35
30
2834
2965
40
36
32
2857
2917
39
33
32
2914
2933
40
67
68
2875
2923
43
35
46
2864
2991
42
37
52
2769
2908
39
34
49
2756
2921
39
34
57
2753
2911
39
35
33
2777
2914
41
36
54
2755
2904
39
37
53
2791
2897
41
36
36
2722
2859
41
33
53
2712
2843
38
33
53
2718
2842
39
33
50
2721
2845
38
32
55
2720
2843
35
33
54
2713
2840
36
32
50
2709
2840
35
31
50
2711
2840
37
33
52
2707
2838
37
34
53
2705
2836
36
34
54
2702
2831
37
34
50
2711
2842
36
33
51
2712
2841
37
34
54
2697
2834
39
35
52
2697
2843
35
33
52
2702
2845
38
34
56
2695
2835
36
34
52
2698
2835
37
35
55
2699
2834
38
34
50
2697
2836
38
34
54
2695
2832
28
36
53
2701
2833
37
34
51
2691
2839
31
34
54
2724
2830
32
32
54
2722
2833
28
30
54
2750
2830
38
21
53
2776
2825
34
24
51
2863
2867
37
24
54
2844
2890
37
26
54
2847
2920
35
25
51
2847
2944
37
26
50
2842
2967
36
55
50
2808
2965
38
35
55
2799
3031
37
36
74
2789
2993
35
32
72
2796
2983
39
34
73
2794
2979
35
32
68
2800
2983
36
33
72
2788
2982
36
34
73
2787
2970
36
31
71
2783
2969
38
36
74
2779
2959
37
33
72
2779
2966
39
33
74
2779
2960
38
34
72
2778
2955
35
34
70
2773
2965
38
34
76
2766
2954
36
34
70
2766
2952
28
32
73
2760
2946
35
32
69
2752
2945
51
51
110
2736
2886
41
39
75
2687
2871
43
50
90
2708
2834
42
38
47
2771
2904
75
57
75
2800
2886
38
125
73
2796
2857
38
50
46
2721
3004
43
51
73
2728
2930
40
48
75
2744
2932
40
44
74
2759
2880
55
31
73
2787
2852
52
82
44
2788
2820
57
80
70
2729
2933
54
48
77
2704
2928
53
49
65
2687
2863
52
52
51
2606
2799
53
48
64
2584
2767
52
51
38
2518
2700
54
59
53
2434
2645
55
83
83
2400
2705
62
52
69
2395
2746
55
57
53
2339
2677
57
50
79
2313
2796
58
129
47
2226
2603
58
50
40
2175
2639
56
42
44
2105
2479
56
52
50
2029
2397
58
39
72
2007
2419
60
40
40
1950
2391
54
42
55
1876
2367
123
40
126
1854
2400
211
91
130
2681
2696
135
88
131
2754
2769
444
394
372
2467
2480
172
155
116
3217
3234
446
404
380
2482
2318
250
206
180
3240
3219
1275
429
376
2260
2104
83
177
117
3460
3381
83
177
149
2310
2980
54
88
73
2395
3092
41
34
47
2397
3024
40
65
68
2395
3012
43
36
52
2400
3043
40
34
52
2398
3084
39
32
48
2415
3017
42
35
50
2420
3014
41
36
49
2425
3014
64
37
92
2442
3033
39
35
51
2462
3012
95
37
72
2435
3061
39
35
73
2505
3016
38
33
54
2464
2995
39
34
69
2460
3000
37
32
72
2467
3016
36
35
71
2469
3014
37
32
69
2467
3000
35
34
51
2472
3001
36
32
96
2466
3010
37
35
77
2437
2982
36
35
72
2453
2976
37
32
72
2446
2978
36
33
71
2443
2971
40
34
74
2438
2965
38
32
71
2440
2966
34
35
79
2436
2951
37
33
74
2429
2952
35
34
34
2386
2949
36
33
52
2379
2945
37
32
51
2381
2945
35
33
50
2387
2947
38
32
52
2381
2944
35
34
52
2394
2945
34
31
53
2380
2936
37
35
33
2391
2947
36
35
53
2374
2934
38
32
52
2363
2931
34
32
33
2367
2938
36
32
53
2368
2935
37
33
54
2372
2933
34
33
52
2367
2934
37
33
52
2365
2932
35
33
52
2368
2930
35
33
53
2368
2928
37
34
54
2364
2924
28
34
33
2368
2926
28
33
54
2361
2930
38
33
52
2394
2926
36
32
52
2434
2917
27
33
53
2423
2911
28
35
52
2418
2909
36
34
54
2446
2909
28
33
33
2478
2911
29
32
53
2482
2913
28
33
53
2503
2907
29
35
51
2528
2905
32
33
52
2559
2907
29
33
52
2591
2905
30
34
55
2616
2899
28
33
32
2648
2904
27
34
51
2681
2905
28
33
55
2699
2897
28
33
33
2731
2896
29
33
53
2757
2893
30
33
51
2790
2894
27
30
53
2816
2890
36
22
53
2856
2858
37
24
53
2914
2914
37
26
29
2916
2959
26
34
131
2894
2947
26
32
56
2844
2951
73
47
103
2828
2869
54
127
79
2766
2820
53
149
109
2829
3018
53
94
100
2829
3045
53
97
105
2815
2997
54
92
72
2816
2999
57
96
103
2808
2993
53
95
103
2807
2992
159
127
74
2736
2933
59
154
108
2876
3008
147
128
109
2780
2985
108
122
33
2767
2936
224
135
37
2895
2901
59
44
36
2939
2946
127
51
52
2751
2801
58
50
78
2809
2872
57
55
80
2681
2836
58
50
77
2662
2851
56
54
68
2654
2825
60
53
37
2580
2811
61
53
50
2553
2767
56
50
68
2540
2739
56
57
52
2459
2665
57
52
77
2443
2696
128
50
77
2426
2663
57
50
67
2487
2646
57
56
51
2411
2568
63
52
68
2396
2546
60
55
42
2338
2479
60
51
52
46
43
137
89
300
402
391
129
83
151
116
128
133
85
334
89
67
133
86
113
99
78
141
88
180
130
110
133
88
180
136
114
129
85
1176
1149
1130
176
90
184
138
118
119
77
205
137
154
213
173
111
98
53
38
34
38
62
48
38
35
39
30
28
34
35
40
31
30
36
33
36
30
27
35
32
38
32
27
35
35
35
33
26
34
33
38
32
28
35
33
39
31
29
35
36
34
31
28
34
34
38
30
27
35
34
36
31
28
33
33
36
30
28
36
32
39
31
29
36
33
34
32
29
32
35
37
30
27
34
32
38
31
29
35
33
35
31
27
37
33
39
30
29
35
33
33
32
29
35
33
36
32
28
35
33
38
61
47
34
33
35
33
27
38
34
39
32
30
34
34
37
47
30
35
35
36
33
28
36
34
37
34
29
37
34
36
33
29
36
34
39
35
31
33
31
39
33
29
36
34
37
33
28
35
36
35
35
29
36
33
37
35
28
35
34
38
33
28
35
33
36
33
28
35
32
36
29
27
33
33
57
29
25
35
33
58
27
28
35
33
55
30
27
36
34
57
28
27
34
32
35
29
27
35
36
57
29
28
36
35
56
31
28
34
32
33
30
26
35
34
56
29
27
36
34
36
29
27
34
33
58
29
28
35
35
36
30
27
34
34
55
29
27
34
34
57
30
29
35
34
39
29
28
36
34
57
30
27
36
34
35
29
26
33
34
57
28
29
36
34
56
31
29
33
35
58
31
27
35
34
57
31
28
35
32
27
29
26
34
35
53
29
21
34
32
53
46
31
34
34
49
44
24
36
34
53
28
25
36
33
50
30
25
33
34
55
31
25
35
33
52
30
27
33
34
53
29
27
26
25
53
31
26
25
26
55
32
25
39
27
55
30
29
28
26
58
31
27
30
27
174
49
41
41
49
61
52
38
41
39
54
49
37
42
38
82
45
38
42
37
82
47
37
42
39
81
44
39
41
52
80
45
40
39
37
57
45
37
41
41
54
45
37
40
37
81
48
41
41
38
57
45
40
42
37
82
46
38
43
39
77
46
38
42
38
83
48
40
44
39
77
45
41
44
38
81
44
39
42
40
76
45
37
40
39
82
44
38
41
40
76
46
40
42
37
81
42
39
41
37
83
44
37
42
37
80
46
38
41
40
88
47
39
40
41
56
44
39
44
40
78
45
41
42
40
82
46
38
43
40
77
46
39
42
40
82
43
38
43
39
42
44
40
43
41
58
43
40
42
39
79
44
39
48
33
132
87
74
157
86
126
83
77
131
86
136
89
73
134
85
125
81
73
133
88
138
87
55
131
83
163
120
49
130
86
168
123
49
136
85
167
141
80
127
85
192
136
113
126
82
201
135
112
398
417
48
34
30
485
501
38
51
31
398
451
57
48
28
399
472
39
47
29
438
489
37
33
29
452
503
37
30
29
438
508
37
31
31
445
510
36
30
29
468
516
37
32
30
474
522
35
30
30
482
531
36
31
29
485
539
37
30
31
490
539
36
46
29
500
497
38
47
28
507
554
36
31
28
515
566
36
47
28
522
570
36
32
30
531
580
36
31
29
535
585
50
49
29
545
596
36
30
30
557
608
34
32
29
569
567
36
29
28
571
620
36
31
30
579
626
54
50
30
570
631
37
30
27
601
649
37
31
31
608
659
53
27
30
618
667
53
47
29
635
681
39
31
28
656
707
36
47
26
654
706
52
46
30
680
727
53
47
28
697
747
52
44
28
719
768
54
47
28
729
777
37
33
28
752
799
35
33
27
752
815
36
31
27
764
823
36
29
30
804
801
56
30
29
814
811
36
29
28
831
830
55
29
27
846
843
56
30
30
857
855
57
29
27
869
865
37
31
27
889
888
32
31
29
908
906
52
30
27
922
920
57
28
27
1016
1014
56
29
21
1031
1029
54
47
24
1047
1044
52
29
25
1057
1108
50
30
34
1073
1072
53
30
25
1096
1095
51
28
24
1111
1110
56
32
28
1134
1131
52
29
25
1154
1155
51
28
27
1173
1168
53
29
26
1268
1271
58
31
26
1204
1276
63
33
26
1227
1223
39
32
25
1249
1282
56
28
25
1232
1281
57
33
27
1287
1284
40
30
25
1280
1310
59
31
26
1293
1290
41
29
25
1279
1275
63
30
28
1291
1289
58
30
29
1282
1275
83
30
27
1294
1291
55
28
28
1345
1361
54
30
25
1380
1379
75
48
42
1391
1388
122
36
38
1429
1474
58
38
39
1552
1576
62
38
38
1502
1664
58
38
37
1531
1631
57
38
39
1546
1686
59
37
40
1549
1722
58
38
39
1562
1772
58
40
39
1588
1758
57
38
39
1540
1811
61
41
38
1505
1801
58
36
40
1521
1862
58
40
37
1488
1849
88
39
38
1504
1906
46
36
38
1544
1907
49
42
38
1608
2025
47
40
38
1648
1977
47
39
38
1739
2096
44
38
39
1743
1960
45
38
38
1792
2021
48
40
38
1873
2034
41
37
39
1861
2096
40
38
36
1928
2151
48
41
39
1997
2199
41
38
35
2070
2262
41
38
37
2129
2299
40
38
39
2190
2348
43
38
40
2255
2403
41
37
35
2324
2459
38
36
35
3631
3648
166
144
81
2561
2572
164
143
80
2807
2818
183
135
152
2901
2923
225
212
185
3058
3078
240
193
172
3072
3093
247
201
180
3139
3159
252
202
180
1682
1702
246
201
178
3140
3157
261
197
175
3185
3207
258
198
172
3096
3066
75
99
91
3109
3094
39
33
50
2987
3065
36
32
44
2968
3001
40
31
49
2945
3017
35
31
30
2971
3020
36
30
50
2967
3014
37
46
48
2968
3017
36
30
50
2967
3013
36
31
50
2969
3017
37
47
48
2966
3015
36
32
49
2969
3015
37
31
49
2971
3019
37
33
50
2966
3013
38
47
49
2966
3012
36
29
46
2973
3023
37
31
48
2969
3017
35
30
49
2975
3017
39
47
92
2982
3027
57
51
90
2983
3029
37
33
76
2984
3034
37
32
77
2957
3004
36
31
74
2974
2976
35
29
76
2976
2979
55
30
76
2965
2969
35
30
75
2967
2968
50
29
74
2962
2963
52
30
77
2956
2958
36
31
74
2952
2953
36
29
74
2951
2952
51
31
72
2947
2950
34
30
79
2940
2942
52
29
73
2936
2939
51
32
74
2934
2935
60
31
77
2926
2929
36
30
75
2937
2939
51
29
76
2903
2947
53
31
1710
3412
2547
61
32
35
38
31
34
35
176
61
48
30
38
28
38
26
41
26
40
26
37
25
39
25
43
28
42
29
40
27
41
29
43
28
192
46


countEmpty = 1190617	countFull = 0
