52
43
82
57
32
54
75
60
2971
3061
40
34
33
3132
3243
38
32
26
3132
3252
42
34
31
3150
3265
58
36
48
3122
3136
110
59
49
3229
3234
32
69
3978
4024
38
32
29
3909
3992
34
30
70
3945
4015
34
31
71
3939
3983
35
32
34
3894
3975
35
32
50
3892
3973
33
30
53
3889
3969
35
31
30
3885
3972
2794
3994
37
36
77
2768
3909
37
35
73
2784
3911
36
37
128
2725
3873
35
34
32
2723
3894
35
68
36
2732
3910
37
35
52
2729
3969
37
35
54
2720
3911
35
33
98
2720
3911
36
33
62
2668
3837
34
35
95
2653
3849
33
33
49
2626
3828
35
25
51
2621
3823
33
32
56
2618
3813
35
26
31
2616
3852
36
33
52
2618
3844
34
23
32
2615
3877
29
24
52
2607
3860
33
25
52
2601
3892
26
23
50
2633
3916
33
24
57
2621
3932
29
24
32
2653
3959
29
26
46
2646
3989
27
54
27
2626
3980
28
30
50
2662
4054
27
33
71
2676
4006
27
32
30
2683
4009
29
29
28
2710
4015
28
31
48
2737
4012
26
31
48
2762
4015
27
33
46
2791
4032
30
31
48
2815
4026
27
31
46
2846
4031
27
31
49
2872
4030
45
180
134
2897
3954
41
121
129
2887
4070
41
48
98
2902
4001
38
44
41
2907
3969
42
46
71
2944
3983
37
47
69
2984
4101
41
47
72
3018
3981
41
45
71
3066
3976
39
46
72
3101
3970
39
46
44
3148
4077
40
48
74
3179
3931
39
47
43
3231
3939
40
47
73
3264
3934
38
48
43
3311
3960
43
46
69
3360
3940
43
47
73
3388
3954
40
47
69
3441
3967
41
48
72
3467
3955
41
46
68
3516
3966
39
46
41
3566
3970
43
70
71
3591
3931
40
46
70
3626
3949
41
48
70
3665
3966
40
46
69
3721
3939
40
47
67
3763
3941
43
45
76
3793
3961
62
64
68
3843
3927
72
75
41
3814
3881
51
44
74
3882
3955
53
45
42
3888
3932
54
68
68
5954
5975
182
165
136
3926
3972
245
167
166
3991
3999
242
201
175
4242
4224
257
195
174
4115
4100
249
195
172
2377
2392
243
193
172
4148
4166
240
192
173
4029
4048
264
195
173
4186
4207
253
190
170
4177
4147
170
111
92
4067
4089
40
83
70
3997
4097
37
32
70
3896
4085
42
33
51
3889
4027
38
31
48
3867
4019
38
34
51
3860
3999
40
33
49
3877
4006
40
32
52
3865
4016
38
33
48
3879
4015
36
32
30
3880
4022
38
31
51
3884
4016
40
32
49
3885
4023
36
30
50
3898
4015
39
33
93
3903
4026
37
35
71
3912
4034
39
33
73
3898
4002
37
34
72
3915
3999
40
34
55
3889
3973
37
32
93
3894
3971
39
31
90
3883
3978
38
30
93
3896
3963
41
33
94
3893
3966
36
33
90
3911
3970
40
31
90
3901
3972
37
31
93
3915
3973
103
31
94
3901
3964
55
29
92
3980
3986
40
120
90
3962
3986
37
29
31
3978
4112
97
104
71
3944
3981
39
49
46
3959
4080
38
51
51
3888
4015
38
33
48
3903
4024
40
109
31
3871
3960
36
31
72
3839
4009
35
32
70
3846
3908
33
32
70
3846
3905
34
31
33
3800
3897
35
33
50
3798
3896
28
31
48
3800
3904
27
33
50
3791
3897
26
32
49
3820
3903
33
22
51
3841
9845
41
28
23
3810
3830
79
33
3845
3910
3954
152
64
32
3984
4002
61
31
29
3652
3668
80
33
31
4060
4077
82
36
33
3937
3952
41
32
50
3971
4015
36
30
44
3944
4006
35
32
50
3946
4005
37
31
51
3943
4014
36
32
49
3935
4008
35
30
49
3934
4020
35
30
50
3934
3987
34
32
48
3937
3988
37
32
50
3931
3980
35
34
52
3924
3981
33
30
50
3922
3984
34
31
61
3907
3964
34
32
30
3914
3971
35
30
52
3910
3972
35
32
51
3912
3971
34
31
47
3916
3974
34
30
50
3911
3970
32
31
51
3910
3971
36
30
50
3910
3962
36
33
31
3897
3966
36
32
30
3906
3968
37
32
51
3920
3987
82
73
66
3869
3905
51
47
73
3876
3936
48
43
70
3822
3876
71
40
71
3822
3853
50
44
71
3790
3820
50
43
76
3779
3808
52
42
71
3787
3818
51
41
76
3782
3813
48
41
72
3788
3817
52
43
47
3777
3811
50
41
73
3791
3831
38
42
78
3778
3804
50
32
75
3745
3818
48
34
71
3839
3842
48
37
42
3836
3886
47
58
73
3814
3904
53
78
44
3714
3860
49
78
45
3663
3934
50
46
82
3621
3947
55
45
75
3586
3873
51
46
74
3571
3841
50
45
73
3542
3812
50
47
73
3515
3784
50
46
69
3493
3766
51
47
71
3456
3732
51
46
79
3445
3715
42
47
76
3443
3713
49
46
76
3434
3712
39
46
73
3488
3717
71
49
39
2459
2706
239
194
170
5520
5543
244
194
176
4161
4182
243
197
172
4092
4109
232
186
207
5314
5333
235
188
166
4075
4095
238
290
282
4250
4272
1366
518
466
2904
2944
79
154
48
4321
4338
74
160
81
3381
4020
77
507
161
3101
3784
41
34
52
3122
4145
40
33
49
3073
3641
37
33
53
3081
3643
38
35
53
3102
3631
36
33
101
3086
3644
41
35
51
3054
3616
38
33
33
3083
3609
39
36
75
3089
3613
37
32
31
3093
3588
38
34
34
3078
3571
38
33
87
3026
3514
37
35
74
3060
3480
37
31
81
2963
3437
39
38
49
2925
3406
38
34
35
2885
3404
38
89
105
2851
3355
40
34
36
2801
3360
38
37
54
2762
3321
37
33
80
2720
3252
37
34
36
2679
3193
40
32
43
2521
3048
38
36
36
2497
3019
40
34
33
2482
3013
36
36
36
2470
2996
34
34
49
2439
3018
35
31
50
2413
2985
36
32
83
2368
2932
35
30
80
2319
2882
35
31
49
2291
2859
34
32
76
2261
2825
35
31
31
2259
2817
36
33
31
2269
2791
35
32
33
2285
2802
35
31
32
2298
2814
33
35
46
2304
2824
36
32
51
2297
2853
35
33
49
2298
2857
34
34
48
2299
2861
36
34
48
2298
2866
32
33
52
2296
2867
34
35
52
2283
2853
34
33
31
2282
2871
37
35
50
2289
2873
34
26
53
2284
2869
32
32
51
2285
2871
34
25
49
2287
2906
28
25
51
2282
2894
26
23
52
2266
2918
26
24
51
2293
2942
26
24
52
2311
2963
25
24
52
2338
2983
27
24
51
2357
3005
27
23
51
2383
3027
28
23
49
2415
3054
27
24
58
2430
3063
27
24
34
2460
3095
26
24
52
2484
3116
26
24
51
2508
3146
26
24
51
2528
3165
27
24
51
2554
3187
27
23
51
2575
3207
29
24
49
2610
3231
26
25
52
2634
3260
31
24
54
2652
3278
27
26
53
2677
3301
27
25
48
2711
3335
29
24
51
2730
3352
29
23
52
2755
3374
28
22
49
2794
3406
28
23
49
2814
3422
29
24
30
2854
3475
44
35
132
2879
3465
41
37
101
2854
3407
40
38
100
2878
3430
39
34
104
2928
3456
39
36
105
2957
3484
42
35
104
3003
3520
39
36
103
3041
3552
40
35
99
3077
3594
39
38
104
3119
3616
37
37
48
3091
3664
42
38
79
3118
3681
39
38
73
3164
3726
39
34
46
3211
3782
39
37
73
3254
3811
40
34
75
3298
3850
42
35
72
3339
3888
39
81
42
3302
3845
39
45
68
3315
3966
44
47
74
3359
3922
42
49
43
3404
3939
42
74
73
3499
3916
45
49
77
3509
3932
41
47
71
3558
3899
43
48
68
3558
3854
39
46
75
3672
3851
46
49
77
3698
3847
64
40
76
3765
3848
54
57
69
3817
3855
54
83
43
4581
4604
185
199
140
3809
3887
114
145
123
3998
4020
253
203
175
4618
4638
252
177
174
4137
4156
250
194
170
3159
3177
240
196
174
4235
4255
264
195
169
4198
4216
266
283
271
4162
4182
326
205
174
4024
4041
241
195
173
4132
4152
194
155
163
4053
4011
65
30
46
4083
4085
62
31
50
3971
3997
41
29
46
3968
3972
52
28
49
3939
3996
58
29
46
3955
3961
59
46
92
3977
4023
56
30
30
3970
4018
59
47
51
3955
3960
57
32
69
3976
4001
53
28
90
4000
4019
40
106
97
3971
3997
37
29
71
3955
4084
36
53
27
3951
4000
75
101
105
3966
4005
245
89
88
3900
3986
39
30
28
4007
4024
35
78
67
3994
3996
55
28
45
3988
4070
56
28
50
3981
3985
82
52
28
3951
3954
78
57
28
3946
3999
75
53
28
3931
3992
74
52
28
3934
4003
35
54
44
3941
3994
37
93
31
3884
4001
37
76
31
3854
4008
35
71
30
3817
3981
35
74
32
3776
3982
33
76
31
3739
3982
37
30
32
3718
4006
34
34
57
3682
3919
34
32
77
3637
3875
35
32
73
3596
3835
34
34
74
3552
3792
36
30
75
3499
3742
38
34
133
3409
3638
36
31
31
3345
3579
36
30
32
3331
3565
34
31
50
3299
3527
36
32
79
3254
3487
36
33
74
3210
3439
34
32
50
3181
3413
34
32
73
3141
3370
35
31
77
3092
3320
36
31
77
3049
3268
36
32
82
2990
3208
34
32
79
2949
3165
34
31
73
2907
3128
37
30
72
2862
3078
33
32
76
2819
3036
35
33
78
2768
2985
34
34
76
2715
2937
34
32
76
2671
2892
35
33
75
2627
2847
27
30
75
2576
2801
35
33
206
2399
2624
37
32
32
2428
2624
27
32
32
2420
2623
26
30
35
2413
2618
28
32
35
2441
2617
26
23
32
2476
2624
28
25
35
2523
2593
27
24
35
2560
2661
25
23
32
2597
2695
27
24
34
2632
2731
25
23
33
2675
2767
27
23
34
2699
2796
27
25
33
2738
2833
26
24
33
2769
2867
27
23
37
2821
2924
44
36
80
2824
2896
37
34
49
2848
2950
41
35
76
2904
2982
39
37
79
2927
3018
40
34
38
2972
3063
41
38
50
2942
3026
38
36
71
2941
3025
38
36
74
2979
3072
39
35
182
2905
2987
44
35
79
2909
3008
42
36
80
2932
2995
68
35
77
2936
3017
41
33
84
3013
3020
66
34
69
3103
3136
62
32
54
3086
3117
68
31
78
3114
3149
74
61
81
3204
3210
43
31
77
3200
3263
40
44
77
3318
3419
45
32
79
3404
3516
45
31
75
3652
3687
43
34
72
3777
3809
42
75
40
3786
3822
81
42
40
3781
3855
56
97
41
3861
3931
54
48
69
3877
3970
56
47
60
3808
3924
41
45
48
3763
3783
57
32
72
3714
3654
102
45
42
3727
3739
251
198
175
3083
3103
384
302
271
4131
4153
150
425
407
4059
4071
286
202
141
3769
4037
113
184
142
3110
3177
75
185
140
3125
4192
81
1002
971
1089
2179
74
238
155
988
4921
893
189
147
1016
4203
55
108
176
1797
4055
39
38
26
1071
4045
38
37
50
1062
3992
37
36
26
1075
3977
35
31
43
1079
4001
38
32
49
1062
4011
34
63
68
1068
4016
37
32
43
1066
4055
35
34
48
1083
4020
34
34
47
1085
4019
41
32
47
1092
4018
36
61
64
1110
4025
35
31
55
1101
4044
35
32
26
1117
4021
35
33
46
1130
4020
36
32
43
1136
4024
35
34
89
1158
4035
34
33
51
1164
4023
34
32
50
1176
4018
37
32
53
1176
4001
34
31
81
1155
3968
35
31
50
1178
3978
36
32
71
1194
3966
36
34
68
1189
3960
35
31
69
1194
3953
36
33
30
1165
3946
36
36
51
1170
3944
37
32
59
1175
3936
35
32
32
1194
3943
34
32
51
1197
3934
35
34
29
1215
3939
39
32
52
1221
3934
35
33
50
1237
3931
35
33
49
1248
3933
37
32
58
1248
3916
37
33
31
1265
3922
36
31
50
1283
3922
36
34
52
1285
3914
36
33
51
1300
3915
36
32
50
1309
3913
37
33
51
1316
3909
35
32
47
1335
3911
37
32
50
1339
3903
35
32
50
1348
3896
35
33
51
1359
3893
37
33
50
1366
3893
34
33
49
1387
3896
37
34
49
1388
3892
27
33
50
1403
3897
28
34
47
1405
3891
42
32
52
1442
3881
28
33
32
1584
3879
32
33
53
1589
3876
37
33
49
1634
3879
28
34
48
1683
3877
29
31
48
1684
3888
26
34
50
1726
3874
28
31
48
1760
3877
31
33
51
1805
3871
28
33
52
1945
3867
29
34
49
1988
3864
30
33
49
2027
3865
26
32
50
2072
3866
27
33
49
2100
3864
27
32
49
2139
3861
26
32
51
2184
3865
27
33
51
2270
3863
29
31
51
2292
3859
28
32
51
2324
3858
28
31
52
2353
3861
28
28
51
2389
3864
31
44
136
2432
3844
43
52
104
2453
3801
45
40
106
2545
3844
42
43
108
2588
3830
43
38
99
2655
3886
41
131
108
2560
3842
46
147
105
2591
4020
42
95
176
2574
3963
42
93
66
2639
4037
41
98
71
2687
3964
41
94
67
2743
3980
46
102
104
2783
3993
41
93
97
2843
4014
43
97
106
2865
3998
42
91
99
2917
4043
42
97
102
2947
3999
44
95
102
2979
4031
42
97
103
3037
4000
42
94
102
3045
3988
42
197
183
3006
3951
45
95
68
3091
4040
46
100
70
3155
3963
41
91
68
3255
3985
44
97
100
3302
4000
43
91
97
3357
4008
40
170
76
3370
3952
42
147
103
3352
4022
108
120
103
3465
4039
44
50
71
3508
3990
49
126
76
4674
4696
78
166
113
3678
4003
82
140
119
3546
3815
264
193
171
4729
4753
233
193
174
4134
4159
242
194
170
3845
3865
242
197
174
4080
4099
246
196
175
3769
3959
238
198
177
4161
4176
450
403
185
3320
3338
75
87
108
4146
4152
44
34
49
3801
3997
36
33
52
3786
3954
35
30
64
3776
3938
34
33
32
3785
3950
38
32
52
3785
3949
35
32
48
3797
3954
38
32
51
3789
3948
38
31
53
3790
3947
35
32
53
3790
3944
35
33
57
3784
3934
35
31
33
3785
3943
35
34
52
3788
3944
36
30
50
3781
3942
34
33
48
3785
3945
36
33
50
3785
3945
33
32
51
3784
3943
37
33
51
3789
3943
35
31
51
3782
3941
37
31
51
3776
3933
36
33
51
3779
3935
35
30
50
3777
3937
36
33
50
3782
3938
35
32
49
3783
3938
35
34
49
3776
3938
37
31
33
3774
3933
36
34
50
3778
3937
37
34
52
3778
3931
34
32
31
3783
3937
35
32
50
3779
3933
36
32
51
3781
3930
34
33
48
3782
3941
34
35
52
3776
3931
34
32
52
3776
3933
35
33
52
3775
3929
36
31
51
3776
3924
34
32
52
3775
3927
37
33
51
3775
3926
35
31
49
3781
3928
36
32
48
3777
3929
36
33
51
3772
3921
36
33
52
3770
3919
35
33
49
3773
3924
34
31
52
3766
3918
41
33
51
3765
3916
37
32
51
3775
3919
34
33
50
3777
3921
41
31
53
3767
3918
35
32
50
3780
3921
36
33
52
3770
3915
29
32
50
3776
3920
27
33
52
3765
3913
29
32
51
3790
3916
35
31
47
3820
3920
27
33
50
3851
3919
27
28
50
3846
3920
29
22
51
3887
3890
31
21
46
3943
3946
27
52
48
3941
3971
28
22
72
3949
4010
95
52
26
3863
3870
54
50
37
4014
4019
56
30
25
3945
3994
36
28
25
3914
3919
55
29
25
3866
3870
53
31
25
3831
3836
53
29
27
3790
3795
39
30
32
3746
3752
43
29
43
3737
3773
56
30
25
3697
3731
40
30
34
3666
3701
50
27
43
3659
3664
115
79
51
3579
3585
100
69
67
3667
3674
103
71
38
3614
3609
100
73
39
3573
3566
100
72
38
3527
3520
103
75
41
3469
3473
99
69
37
3436
3448
100
70
39
3380
3388
103
73
41
3332
3337
97
70
39
3281
3287
108
75
40
3227
3235
97
71
36
3230
3240
102
73
38
3179
3187
98
73
36
3126
3137
104
74
38
3080
3087
56
40
37
3037
3047
78
44
60
2925
2962
81
45
66
2866
2901
79
45
39
2832
2869
78
43
39
2800
2835
84
42
38
2741
2758
74
39
37
2720
2737
78
40
38
2682
2693
73
41
39
2637
2682
77
43
38
2569
2613
55
44
37
2526
2570
51
40
37
2461
2508
80
44
38
2394
2425
54
42
38
3204
3225
128
83
145
2284
2301
86
50
134
2281
2299
107
45
141
2343
2369
129
85
146
2168
2185
133
86
146
2027
2045
132
88
140
2117
2133
132
86
148
2931
2949
127
82
144
2111
2127
84
84
141
2090
2103
79
66
144
1977
2880
54
50
134
2117
2884
45
33
50
2080
2868
34
30
51
2087
2859
33
31
50
2084
2859
35
30
53
2082
2852
33
31
50
2080
2851
38
31
52
2076
2855
35
31
50
2079
2851
33
31
53
2074
2844
36
29
52
2077
2844
33
32
51
2076
2836
37
30
53
2074
2837
33
31
51
2078
2837
34
29
53
2070
2831
36
34
50
2072
2831
34
32
48
2075
2836
37
31
52
2070
2829
35
32
50
2074
2834
35
30
53
2072
2828
36
32
31
2069
2830
37
32
52
2070
2826
37
30
52
2070
2825
34
33
49
2074
2828
36
30
49
2071
2828
33
32
51
2072
2828
34
31
53
2068
2824
34
32
53
2072
2819
35
30
51
2072
2828
35
31
51
2074
2820
35
31
52
2072
2826
34
31
48
2076
2823
36
32
53
2072
2820
34
31
51
2074
2822
36
30
52
2080
2823
33
33
51
2079
2819
35
30
52
2076
2820
36
33
52
2080
2816
43
32
54
2075
2813
36
31
33
2095
2813
37
31
51
2091
2816
35
30
31
2097
2815
39
34
56
2102
2815
35
31
52
2120
2811
37
30
51
2130
2813
33
31
52
2140
2810
40
32
54
2144
2808
35
34
55
2152
2806
37
33
32
2159
2814
40
34
53
2172
2814
37
85
56
2190
2816
29
34
54
2205
2863
38
90
57
2193
2861
27
33
32
2249
2926
38
44
57
2241
2911
28
33
33
2293
2957
29
80
64
2274
2974
30
34
32
2323
3034
29
30
58
2356
3069
28
28
53
2398
3095
29
73
59
2431
3119
29
29
53
2468
3192
27
74
59
2497
3213
32
27
32
2547
3302
31
30
50
2580
3326
30
26
54
2593
3357
29
29
76
2609
3358
29
27
75
2630
3413
31
29
80
2675
3434
27
28
72
2720
3466
28
29
76
2751
3490
29
29
72
2787
3555
30
30
80
2818
3580
37
45
110
2808
3602
44
42
112
2796
3640
43
37
128
2839
3727
44
40
110
2908
3792
42
40
99
2927
3814
42
135
79
2844
3844
42
150
103
2881
4020
41
212
138
2840
3954
40
51
76
2894
4038
40
53
79
2945
3875
44
51
47
2998
3880
46
50
79
3048
3887
39
48
73
3119
3899
39
48
80
3164
3885
39
51
47
3224
3903
40
50
78
3259
3894
39
50
77
3299
3887
42
46
46
3355
3898
37
50
73
3413
3894
40
46
74
3462
3896
42
48
74
3508
3898
41
47
76
3548
3902
40
48
73
3603
3910
41
51
74
3645
3895
41
49
73
3673
3880
39
42
75
3694
3852
110
76
73
3727
3815
75
31
73
6548
6573
186
120
110
4035
4053
216
174
155
3148
3201
233
190
165
4257
4281
262
192
172
4200
4222
263
199
176
4191
4173
266
197
174
4124
4143
227
198
175
4228
4213
258
192
170
4209
4226
266
196
172
4181
4167
260
192
172
4024
4053
267
212
158
4166
4172
79
124
131
4133
4106
45
31
53
3942
4098
37
31
46
3878
4003
36
32
68
3921
3999
34
29
32
3882
3997
36
29
49
3884
4002
37
32
28
3884
4004
37
30
48
3887
4030
36
32
47
3886
4022
35
31
50
3884
4018
36
31
47
3891
4025
34
30
46
3894
4007
35
30
48
3889
4018
36
31
29
3897
4024
37
32
91
3909
4026
36
31
42
3903
4024
35
32
47
3899
4004
35
30
47
3901
4021
35
32
46
3908
4023
35
30
48
3907
4020
36
32
48
3909
4017
34
29
29
3923
4030
37
33
49
3909
3999
35
31
29
3926
4029
34
31
46
3924
4003
38
32
47
3927
4019
35
29
28
3934
4027
34
32
49
3930
4018
34
31
46
3935
4025
34
32
46
3935
4022
42
47
48
3930
4013
36
31
48
3940
4018
35
32
49
3936
4022
36
31
47
3937
4000
35
32
31
3938
4003
36
31
29
3944
4003
38
29
48
3953
4002
35
29
46
3986
3989
56
98
111
3983
4028
38
29
48
3989
4084
61
30
91
4002
4026
38
28
51
4009
3997
58
30
66
3962
4017
31
29
72
3975
4006
39
87
76
3904
3911
57
59
67
3982
4072
61
60
68
3984
4043
59
57
67
3985
4069
144
107
93
3949
4028
90
49
30
4059
4065
70
75
31
4014
4021
70
72
47
3990
3995
123
95
30
3946
3953
67
49
33
4024
4031
148
79
29
3942
3947
38
34
51
4003
4010
44
31
57
3918
3964
56
29
31
3923
3972
55
29
37
3930
3936
55
28
49
3886
3893
92
51
108
3829
3896
37
27
33
3889
3892
104
32
53
3869
3876
83
50
50
3933
3957
39
29
31
3883
3882
62
50
27
3911
3955
41
36
30
3899
3999
38
31
48
3868
4028
37
50
49
3874
3991
37
34
33
3874
3984
39
56
43
3870
3951
40
32
47
3844
702
67
49
43
501
54
69
41
50
50
46
43
50
54
47
46
50
57
49
174
60
58
49
50
53
42
38
78
42
39
75
45
37
77
45
39
54
164
62
58
42
55
40
53
38
56
39
181
88


countEmpty = 1128527	countFull = 0
