57
47
69
32
29
31
32
49
32
28
32
31
31
36
47
86
69
48
80
65
60
46
51
53
48
52
52
63
30
32
26
30
37
30
28
31
31
27
31
29
31
27
31
32
26
33
30
30
27
27
31
27
31
31
31
28
28
32
27
32
30
29
30
26
29
27
32
30
29
29
27
30
26
29
28
29
31
27
29
26
32
29
31
32
27
29
26
30
31
29
31
26
32
28
31
29
30
28
26
30
25
32
27
30
32
25
30
26
30
28
30
31
28
29
25
31
29
30
31
26
32
27
31
30
29
29
26
31
26
32
29
30
30
25
31
26
31
30
31
29
26
29
25
31
29
29
30
24
28
26
32
31
30
29
27
30
27
32
29
30
29
26
30
25
31
30
29
31
26
29
27
32
28
30
30
29
31
26
29
28
30
30
25
29
25
36
28
30
30
27
29
27
34
31
31
32
27
31
27
32
26
31
29
26
29
25
49
27
32
31
27
29
26
30
25
31
31
27
32
24
47
28
30
31
28
30
29
46
27
30
29
26
31
26
45
27
47
50
27
43
27
32
30
31
26
30
26
30
31
29
27
47
27
31
29
29
30
27
32
31
33
30
26
31
30
30
30
26
30
29
32
30
26
31
30
31
30
25
46
31
30
31
55
44
45
45
42
40
41
44
43
41
40
45
44
50
78
58
44
56
58
44
54
63
44
43
55
43
44
43
44
43
44
43
43
48
44
45
46
43
42
46
40
43
45
42
43
43
42
43
45
44
42
44
42
43
45
49
46
45
45
45
47
47
44
51
44
44
47
45
44
86
45
43
47
45
44
46
41
43
49
47
44
47
40
40
51
46
46
47
43
43
46
46
41
83
81
153
77
59
62
80
58
77
87
60
73
80
52
78
135
87
78
131
84
261
129
83
73
324
347
78
73
54
60
55
39
38
44
38
41
66
36
38
42
36
39
91
129
60
48
40
44
38
44
39
46
42
41
40
73
38
34
37
29
38
32
39
30
37
34
39
33
38
29
29
32
31
31
29
33
30
30
30
32
30
31
31
31
46
33
29
30
30
39
31
30
31
29
29
31
31
28
32
29
31
31
30
29
30
30
32
31
32
30
33
31
30
30
30
31
32
30
31
29
30
30
28
29
30
32
31
29
31
30
31
56
42
44
41
42
50
44
47
47
106
51
47
47
45
49


countEmpty = 5400025	countFull = 0
