65
82
38
36
29
33
68
48
42
38
34
38
33
32
61
89
60
59
55
127
66
107
67
59
119
58
216
154
71
61
37
36
35
36
69
47
66
45
35
35
66
46
118
96
53
78
53
37
35
31
92
72
109
88
62
49
66
43
68
45
68
46
35
35
33
65
44
140
103
75
76
55
37
68
46
66
43
35
36
32
67
46
149
103
100
79
57
35
67
44
66
45
34
34
31
64
44
142
122
78
52
62
67
54
100
66
103
70
103
69
238
174
112
74
97
100
88
78
126
84
57
68
45
68
47
280
239
212
163
123
110
95
81
101
77
53
66
44
65
44
270
251
206
157
139
107
92
79
101
79
53
66
45
66
43
277
256
209
161
143
108
91
80
99
77
53
64
42
67
45
280
263
219
191
142
110
93
79
101
80
53
65
43
64
45
274
255
211
163
146
110
93
80
101
78
53
66
44
68
46
281
264
217
163
145
107
93
79
100
77
53
68
47
64
44
165
320
282
257
117
100
84
69
103
77
53
66
44
65
46
142
122
78
52
117
94
72
49
117
78
53
66
44
68
46
143
125
80
54
131
96
69
49
100
76
52
65
43
66
46
143
124
76
49
142
100
74
50
104
79
53
67
45
67
46
144
124
79
54
138
118
74
49
104
78
53
63
44
67
44
143
124
78
53
142
120
72
48
99
76
52
67
45
65
46
145
126
79
54
140
118
74
50
98
75
51
66
41
65
44
150
130
81
53
139
119
71
50
100
77
52
68
46
67
47
145
122
77
52
147
126
72
49
100
79
54
65
43
66
44
141
123
77
52
155
112
74
49
101
77
52
65
44
68
46
144
124
78
52
134
95
70
49
98
76
52
67
43
67
48
146
126
79
52
139
119
72
48
99
76
53
67
43
68
48
144
125
80
52
141
119
73
50
99
79
54
66
45
66
44
148
127
78
52
138
118
72
50
101
80
54
67
44
67
45
148
126
79
52
139
117
74
50
130
86
59
68
45
66
45
148
132
84
57
140
119
73
49
119
79
53
65
43
68
47
144
126
79
50
143
122
74
49
117
78
52
67
45
68
48
149
128
78
53
140
118
73
50
119
79
54
64
44
66
44
143
124
80
54
142
100
72
49
121
82
57
67
45
66
46
144
124
78
53
137
117
71
50
116
77
52
66
44
64
44
141
122
77
50
138
117
74
49
185
123
88
98
66
98
68
214
151
113
294
186
127
103
81
175
116
79
98
65
98
68
443
382
343
307
247
187
136
113
186
121
84
97
65
99
66
447
391
328
264
209
186
140
116
175
116
78
94
64
100
68
422
370
303
235
210
152
132
114
178
118
80
96
66
95
67
409
357
319
230
176
152
132
114
175
114
76
97
65
94
65
407
379
297
228
176
153
132
116
171
112
76
96
66
97
67
433
380
295
228
173
149
130
113
173
116
77
95
64
98
64
430
380
321
230
176
153
131
114
176
116
78
97
64
99
71
429
377
317
227
175
150
129
112
169
114
76
94
64
92
64
418
371
314
257
204
152
129
112
177
122
82
98
67
98
66
434
384
295
256
203
157
136
115
172
114
77
93
64
101
69
422
372
306
265
208
155
133
116
172
114
79
95
65
97
67
411
351
316
225
174
150
129
113
175
116
79
101
66
96
67
407
382
298
232
177
152
132
114
172
114
76
93
64
94
64
428
376
314
226
175
150
130
114
186
120
85
96
66
98
65
445
392
299
230
176
155
134
116
178
118
79
105
70
100
70
443
390
330
264
179
154
132
114
185
119
80
96
66
97
66
450
398
325
263
206
152
131
111
185
123
84
105
71
85
56
412
384
314
248
226
159
135
116
177
117
78
96
65
92
61
95
375
285
223
164
140
120
103
185
123
83
184
194
83
57
97
372
290
252
164
141
120
102
178
118
80
97
66
102
70
429
400
328
262
207
154
131
111
177
118
81
99
66
98
66
432
404
324
259
206
157
136
116
181
120
82
97
64
98
68
417
390
328
265
209
160
136
116
177
117
79
178
75
95
67
420
391
322
258
235
180
133
113
177
120
80
98
66
94
66
414
384
309
239
213
160
134
116
179
121
81
232
197
118
77
424
396
301
263
207
158
135
115
187
120
81
211
183
115
75
448
394
327
263
198
153
130
113
175
118
81
275
145
109
76
427
368
308
271
207
156
134
115
174
129
93
183
145
109
74
238
236
172
138
151
121
88
69
184
219
185
151
77
129
133
191
163
159
142
144
112
92
72
181
131
94
141
132
100
103
161
128
131
113
141
111
89
69
282
232
105
129
69
98
68
133
71
290
262
160
134
113
94
184
172
135
127
99
93
61
92
90
273
216
157
132
111
93
223
174
137
97
68
173
111
91
70
297
216
163
138
117
96
224
175
136
131
74
463
408
394
338
280
256
233
216
198
179
184
170
131
616
557
518
453
397
319
264
239
218
200
180
160
216
198
132
51
576
524
420
390
368
350
329
384
282
252
228
217
167
127
83
435
406
307
280
260
240
221
201
183
163
146
211
166
166
304
358
324
290
268
249
231
214
195
177
159
141
116
86
36
36
377
335
287
239
222
178
162
144
130
117
103
100
72
33
41
260
221
192
146
130
115
117
100
85
71
57
77
76
35
34
215
198
149
99
83
67
164
120
94
71
57
76
71
33
72
212
168
120
96
81
68
163
117
92
69
56
75
70
35
33
55
164
120
95
72
58
175
132
88
72
58
75
69
34
35
64
142
121
122
99
88
118
98
83
68
56
75
68
32
34
34
170
126
100
74
59
144
104
87
72
58
74
68
34
35
39
324
307
200
170
157
118
102
76
56
42
75
69
32
36
32
36
201
163
137
91
76
64
77
57
44
72
65
34
34
33
32
89
69
128
109
86
75
72
53
39
68
62
31
33
34
34
68
48
135
199
174
152
94
78
63
89
64
31
34
34
35
67
45
234
214
169
145
100
85
71
72
119
44
36
34
37
66
47
253
248
156
113
97
83
72
128
104
57
35
35
35
65
44
225
181
157
112
95
84
72
121
81
53
35
34
35
68
45
62
306
135
110
93
78
66
121
79
53
32
36
34
68
46
65
46
162
118
94
73
58
120
137
118
46
36
34
69
46
68
45
164
141
93
71
57
170
127
83
55
33
34
66
45
66
45
164
145
96
69
56
149
103
77
52
34
37
66
47
66
44
160
140
94
72
57
144
101
75
51
35
34
67
47
65
45
157
136
91
68
54
145
102
77
51
35
34
68
45
65
45
163
142
93
72
58
148
102
77
50
34
34
67
45
67
44
163
144
93
69
56
147
102
76
50
33
34
67
47
66
44
161
140
93
69
55
147
102
77
51
36
31
68
47
66
44
160
139
91
69
55
146
101
76
52
34
30
66
45
63
41
161
140
95
71
57
146
101
75
51
35
34
66
43
64
43
163
140
95
71
56
147
102
75
49
94
49
67
47
65
42
162
144
99
73
58
148
101
75
51
85
47
64
45
65
44
164
142
94
71
57
146
101
75
50
67
45
66
45
66
45
167
145
97
73
58
143
99
74
50
65
44
65
45
68
46
159
137
88
66
54
148
105
77
53
68
46
68
44
66
45
161
141
94
69
57
147
102
77
50
67
45
68
45
70
45
164
142
95
70
56
149
102
76
49
111
104
65
47
66
44
162
141
94
70
57
148
103
76
50
67
43
67
46
66
45
167
142
93
69
57
151
105
80
54
65
42
65
46
63
44
158
138
91
68
55
149
102
77
51
65
43
66
45
67
45
163
140
92
68
55
148
104
76
51
55
36
68
46
66
47
2171
2165
2117
2094
1983
244
190
162
139
91
70
72
48
68
45
126
81
53
34
226
178
129
103
85
69
67
43
65
43
120
99
57
1148
230
259
221
194
178
164
94
74
70
46
116
77
52
288
242
213
170
152
115
97
83
68
45
114
92
51
270
250
195
167
124
108
93
79
65
43
114
79
54
278
260
213
161
144
112
97
82
66
44
115
97
55
276
233
208
161
123
107
92
79
65
45
113
98
54
292
241
187
161
128
113
99
86
57
35
113
75
51
88
460
242
213
195
296
273
259
249
230
142
124
84
71
46
362
341
288
240
226
212
199
163
146
134
102
71
48
366
327
302
252
214
198
157
139
126
115
104
68
45
366
344
300
253
236
224
179
139
124
112
101
68
45
1475
1467
1422
1377
1361
1326
1311
1273
1257
1245
1133
79
47
326
308
258
210
172
156
180
171
156
54
73
46
64
279
230
181
165
125
162
153
141
51
70
47
301
282
229
212
228
221
178
161
146
65
71
46
297
270
227
265
237
223
180
163
149
74
387
412
370
322
304
267
252
235
195
179
166
101
1507
1472
1446
1398
1363
1347
1310
1292
1278
1266
1253
1221
388
336
285
259
216
177
161
147
132
120
106
384
363
301
250
231
191
154
137
123
111
100
1474
1466
1420
1376
1361
1346
1299
1283
1248
1233
1124
341
287
237
210
270
260
227
213
199
68
2326
2164
2132
2107
2093
2073
2057
2020
2003
1990
253
203
147
120
104
90
74
1326
1319
1161
1131
1117
1103
1092
50
171
125
98
74
57
38
159
115
91
66
54
36
186
135
94
73
57
42
198
147
97
74
59
35
1310
1283
1256
1123
1102
164
109
57
68
45
63
92
44
62
42
117
96
57
62
42
952
779
693
654
633
2089
1932
1885
1837
77
63
1855


countEmpty = 3444892	countFull = 1
