56
70
41
37
57
34
39
39
27
41
77
32
28
37
45
70
106
63
57
83
54
53
61
28
56
61
52
59
61
68
39
30
35
34
37
160
114
33
33
38
95
77
134
111
59
70
48
166
136
109
83
35
38
36
34
35
34
71
49
41
35
40
68
47
38
37
34
37
33
33
35
34
69
47
42
36
36
65
45
37
54
162
71
88
48
35
32
69
46
41
33
40
65
46
38
36
72
49
71
47
49
32
70
45
40
33
37
67
45
38
92
106
71
69
46
86
61
152
110
83
58
42
40
37
36
121
83
56
160
136
85
60
174
132
89
62
42
38
38
36
100
78
53
159
139
90
62
155
111
84
58
40
41
36
35
124
82
53
155
113
88
60
172
129
86
60
41
42
37
37
126
86
58
132
111
115
93
145
105
78
54
38
38
36
34
118
98
56
152
110
85
60
150
109
85
61
41
40
37
37
121
98
56
137
112
111
89
129
108
84
60
43
41
36
37
122
100
57
164
117
89
64
152
111
85
60
43
40
36
38
100
133
110
180
133
89
63
155
113
84
61
40
40
36
35
119
79
52
160
136
87
60
155
113
86
60
42
36
35
34
117
97
55
153
133
87
60
149
107
83
57
39
36
36
36
122
83
56
157
115
87
61
152
112
86
60
39
38
37
36
121
100
57
156
136
88
61
153
132
86
60
38
38
34
36
119
101
55
157
134
88
61
153
112
87
62
38
38
37
35
119
97
54
156
113
84
58
154
114
85
60
37
36
35
36
120
99
56
154
134
87
60
166
126
86
59
38
38
35
35
120
100
56
160
137
88
61
153
133
86
62
39
39
37
36
121
102
57
166
144
87
62
190
183
131
116
39
36
36
36
121
99
54
184
134
89
63
69
49
67
47
37
37
35
35
121
102
57
182
135
108
63
68
45
68
48
36
37
36
36
118
97
56
173
131
105
63
68
46
65
46
38
37
37
36
119
98
55
160
140
89
62
68
47
66
47
36
37
35
35
120
100
54
161
138
88
62
69
49
68
47
35
34
36
35
121
99
56
156
135
87
61
69
46
70
48
38
38
37
37
119
99
55
156
136
87
60
72
50
68
47
35
37
35
35
117
97
53
155
135
89
61
69
47
68
47
41
36
35
37
125
103
57
156
135
86
61
70
48
66
46
40
36
36
36
118
98
56
161
136
86
61
70
47
68
47
40
39
35
36
121
100
54
160
138
90
63
71
49
65
45
38
34
38
36
117
96
55
158
138
90
63
71
51
66
44
38
36
35
34
114
95
54
155
134
86
61
68
46
65
44
38
37
34
35
122
101
56
159
138
88
64
72
50
67
46
79
37
35
35
121
102
56
156
135
88
61
71
153
82
52
40
37
37
36
122
101
55
162
139
90
62
68
136
79
54
43
40
34
35
121
100
56
161
142
90
62
168
147
91
63
40
39
36
37
118
98
54
154
133
88
60
163
142
91
62
39
38
36
37
120
101
56
161
141
89
63
155
133
87
62
38
38
35
34
120
99
54
162
142
90
64
158
115
87
62
41
36
36
37
121
98
56
158
137
91
62
159
136
88
61
38
37
38
37
124
104
57
162
142
90
62
154
134
88
62
37
37
38
36
117
95
54
152
130
85
60
153
130
86
61
192
64
54
49
175
120
80
230
165
126
88
223
165
125
87
54
50
51
50
171
118
80
231
169
127
92
225
164
124
89
54
54
48
52
177
116
81
252
193
130
89
252
189
124
89
57
52
50
51
174
117
79
233
204
128
92
248
186
123
88
54
54
50
50
176
117
79
250
192
128
90
242
182
122
86
54
53
48
52
174
119
80
232
200
128
92
246
187
126
90
58
51
46
50
173
112
75
253
195
130
91
246
189
127
88
55
54
50
50
178
118
79
233
201
128
92
250
190
127
92
62
55
50
50
185
121
81
262
199
133
93
227
167
127
89
55
51
48
50
171
116
78
220
190
126
89
241
184
125
87
59
49
48
52
183
121
79
256
194
128
89
227
166
124
87
56
52
47
49
171
117
79
260
201
135
95
265
193
128
92
56
53
49
49
178
116
79
229
202
131
90
255
195
129
92
57
54
51
83
177
120
82
255
193
132
92
224
193
123
89
56
52
47
54
173
113
75
221
191
125
89
243
183
122
85
54
138
73
52
174
117
80
257
196
133
92
228
195
125
91
56
126
70
51
175
115
78
228
202
131
96
248
189
127
87
57
125
71
54
175
116
79
263
193
130
91
225
163
125
88
54
101
69
51
178
119
80
256
194
130
90
250
194
129
92
55
101
68
52
170
115
80
227
195
125
87
217
185
121
85
58
101
69
54
181
117
80
249
193
129
90
247
188
125
87
56
98
66
49
174
117
80
232
200
128
90
253
190
128
90
56
100
70
50
182
119
80
253
194
131
91
246
187
125
88
56
104
70
54
175
117
78
230
165
126
87
229
167
128
90
54
102
68
53
175
114
77
253
192
129
89
247
188
130
90
53
102
69
52
174
118
79
230
168
126
89
222
165
127
92
54
99
67
52
176
114
76
253
197
132
93
249
189
130
93
65
101
68
56
178
119
80
225
196
125
89
227
198
125
90
52
99
66
54
174
114
76
257
195
130
90
255
192
130
91
58
99
66
54
172
118
77
257
192
125
89
236
205
128
91
57
607
558
516
476
439
402
366
329
293
269
247
226
206
184
68
454
379
272
203
162
122
101
68
162
129
92
71
85
54
71
171
158
102
107
140
144
141
74
196
165
126
88
96
65
67
513
254
177
135
82
90
53
91
192
162
125
88
110
73
55
209
137
126
77
49
75
50
85
98
68
201
167
129
122
49
248
171
123
81
99
97
86
52
134
75
274
212
172
133
97
385
231
149
140
132
74
56
87
131
71
97
68
146
114
77
444
436
369
326
288
216
173
107
201
170
289
256
134
92
50
189
149
103
71
182
153
114
138
74
126
95
245
190
153
91
77
139
108
150
92
58
117
113
87
191
146
114
89
66
35
60
89
50
65
74
49
114
109
82
362
164
128
99
74
35
57
69
47
39
70
48
96
53
32
221
216
164
117
91
37
47
67
47
38
70
49
70
48
34
91
68
116
96
71
35
42
67
48
39
95
53
130
103
59
70
49
115
101
73
34
44
66
45
37
70
47
122
98
55
70
47
120
99
73
35
39
67
44
34
70
50
124
83
55
73
50
121
100
74
35
42
66
44
33
72
50
121
98
57
68
47
121
99
56
35
40
65
46
34
69
46
120
81
55
72
48
122
99
57
35
43
67
66
34
68
47
121
82
57
70
49
123
103
59
32
45
66
67
37
65
44
182
87
58
73
73
120
79
73
34
43
68
65
35
67
46
123
85
57
68
46
121
79
72
33
43
67
66
59
67
45
176
89
59
269
193
146
116
93
34
42
1996
1045
997
945
919
892
734
700
674
658
623
520
498
482
57
219
197
147
102
75
305
261
217
190
162
110
93
79
50
211
192
143
117
76
323
304
253
226
176
131
105
79
43
279
261
234
190
110
515
497
451
402
264
242
227
210
58
181
158
134
89
36
128
85
57
156
114
86
60
42
152
130
106
81
234
138
91
62
154
109
84
59
43
158
116
88
62
36
787
760
733
477
426
397
381
60
166
191
190
164
108
82
57
158
115
89
63
43
157
116
90
62
122
83
58
157
134
86
61
45
159
120
90
64
770
755
523
489
440
413
387
57
165
119
89
63
37
215
174
123
93
69
44
225
121
91
65
42
209
185
137
94
69
42
160
140
90
63
37
208
185
137
94
67
40
228
188
96
64
34
212
190
143
98
71
47
36
118
80
53
36
209
188
139
97
69
41
252
208
139
85
35
206
185
138
97
69
42
68
48
66
45
33
209
188
141
95
72
41
321
254
202
143
77
213
168
139
95
70
44
427
299
200
169
80
203
157
115
87
62
59
178
87
78
35
697
652
625
417
94
58
95
52
35
33
54
34
38
35
43
98
53
86
49
35
34
38
35
41
38
35
33
36
52
35
37
131
140
187
66
57
89
68
36
36
106
80
56
67
46
34
36
153
157
67
121
84
54
35
116
83
89
68
35
62
151
60
68
46
62
61
67
46
45
35
35
35
131
58
54
35
59
42
37
130


countEmpty = 5211314	countFull = 0
