48
36
32
29
37
34
25
26
27
27
25
41
41
32
45
270
193
120
265
155
106
53
112
69
51
58
68
54
58
50
61
54
35
37
38
35
37
38
34
42
36
36
35
38
37
36
33
37
36
37
38
57
34
48
35
40
36
38
37
37
34
37
34
38
38
54
36
41
35
34
36
37
34
36
32
36
34
37
39
78
34
44
35
41
32
39
35
35
34
150
38
61
38
35
34
43
36
36
36
38
36
36
35
40
42
56
35
36
41
35
39
35
36
35
36
34
38
37
39
54
34
41
35
37
36
36
36
34
32
36
42
95
55
35
41
34
38
34
36
34
35
33
36
37
53
37
35
43
35
216
81
49
53
34
33
50
56
44
36
35
45
36
43
40
34
52
34
39
38
39
55
35
40
36
37
37
34
55
35
38
40
38
33
35
41
36
38
36
35
37
36
38
37
39
56
35
41
36
37
36
34
36
34
36
39
41
52
35
34
34
44
38
33
39
34
39
38
109
53
34
44
34
37
38
36
36
36
37
89
56
53
33
60
27
41
54
37
33
37
40
36
56
51
33
40
30
37
36
36
33
34
40
40
50
55
33
40
28
60
52
55
57
33
37
35
60
34
26
44
32
36
56
36
51
36
38
42
40
36
26
44
28
85
55
52
52
35
39
36
41
37
32
41
30
36
37
37
35
33
39
92
41
52
26
43
30
40
88
65
54
36
36
39
43
36
27
42
28
36
36
35
56
34
36
75
41
36
31
42
29
41
41
35
34
33
39
38
39
34
28
42
31
36
37
37
50
34
37
37
58
35
31
41
30
82
105
35
35
36
37
38
37
33
30
41
30
36
37
37
49
36
36
57
93
35
30
40
28
38
38
56
53
35
37
36
40
35
31
41
30
38
35
38
145
42
49
54
44
37
28
44
31
56
42
41
38
36
30
49
36
30
40
29
37
36
38
38
37
32
42
26
29
41
31
35
73
93
40
39
28
39
28
29
43
29
35
36
36
36
36
38
43
27
31
46
30
36
38
89
41
38
38
29
31
29
42
30
134
39
39
46
47
59
32
30
31
41
29
39
56
41
38
29
38
30
29
65
32
38
37
37
38
30
33
28
29
42
29
36
93
42
35
29
29
30
31
41
30
37
37
37
37
30
31
30
30
46
31
38
38
43
40
31
30
26
28
44
31
37
36
38
36
29
32
27
28
30
32
36
40
41
37
29
45
26
26
33
32
37
38
36
36
29
34
26
28
33
30
38
29
43
41
29
35
48
28
32
34
37
38
37
36
29
49
26
28
33
28
36
29
42
39
29
31
25
26
32
32
36
29
37
30
31
48
27
27
33
29
35
28
33
32
27
48
37
36
48
47
53
42
43
43
46
72
40
40
47
43
52
44
111
44
41
41
40
108
62
72
50
56
54
54
66
46
39
48
93
39
58
58
52
43
92
41
46
50
42
51
51
39
48
45
39
45
51
41
44
56
39
43
46
39
45
53
42
44
41
42
44
45
38
46
53
42
46
41
43
40
44
35
47
180
50
46
71
37
60
58
48
56
110
53
53
51
39
90
50
47
45
54
77
47
51
51
54
45
70
52
52
50
43
46
57
79
77
81
78
49
59
54
58
57
51
75
48
57
57
57
53
49
51
52
57
53
59
56
49
47
47
60
58
60
55
49
49
48
60
52
58
57
52
52
50
54
57
61
54
41
50
51
60
53
56
57
52
64
49
47
57
58
206
54
57
149
78
69
60
61
54
55
56
58
54
54
59
53
60
56
56
58
58
56
174
52
82
55
60
58
56
58
180
78
60
56
59
52
54
59
56
54
57
58
176
78
72
78
79
78
72
80
64
76
85
85
75
76
85
201
78
887
79
56
43
42
41
42
40
42
42
40
41
43
45
38
42
41
42
32
37
32
34


countEmpty = 5399989	countFull = 0
