52
73
33
27
31
31
32
43
30
31
30
30
31
36
45
82
64
57
55
61
61
65
82
71
57
67
73
26
29
30
30
30
29
30
28
26
48
28
34
31
29
26
50
27
27
47
30
32
27
25
29
32
30
31
45
28
27
31
30
30
27
25
25
32
30
31
27
25
27
29
29
32
29
26
26
37
32
32
30
27
27
32
31
31
28
26
27
29
29
32
28
26
28
31
32
30
29
27
27
31
33
31
29
26
27
31
31
30
27
25
33
45
31
31
28
32
30
30
30
26
30
30
29
31
26
29
30
29
32
26
31
35
30
31
27
29
31
32
32
26
29
30
31
30
26
29
30
30
31
29
26
30
32
32
30
25
68
30
30
27
27
46
31
31
25
30
29
29
27
33
30
31
25
30
31
33
27
37
50
125
40
50
46
47
40
45
46
48
37
44
43
45
39
47
47
44
40
49
42
49
39
47
44
47
40
45
44
45
40
68
44
45
40
45
44
46
39
49
42
50
39
49
44
47
37
45
43
45
39
47
42
46
62
46
43
47
39
44
44
111
42
47
45
48
38
48
44
45
39
50
42
47
36
47
66
84
51
64
58
50
53
58
50
46
58
49
47
57
50
44
58
50
46
58
49
52
60
51
47
57
52
46
59
48
48
46
46
60
111
75
122
122
80
83
125
82
184
138
98
184
133
93
186
136
96
180
131
93
182
132
94
188
136
95
198
132
93
51
36
33
41
49
33
39
52
34
39
62
33
41
36
35
42
35
35
38
34
34
42
50
34
37
34
33
166
58
36
74
35
57
33
40
33
53
33
61
35
39
34
37
34
37
34
39
35
32
34
39
26
42
25
38
30
32
30
30
29
31
31
31
28
32
27
33
30
30
28
48
27
47
26
45
25
31
28
47
26
32
27
32
70
30
25
32
25
48
30
31
30
30
30
31
29
29
35
30
30
32
30
29
31
29
31
28
31
33
34
35
33
32
30
33
31
32
32
36
34
56
47
47
44
47
45
46
46
47
45
49
46
48
45
46


countEmpty = 5400030	countFull = 0
