66
50
70
35
40
57
35
35
38
40
36
34
37
51
40
53
78
64
133
67
80
124
63
54
57
128
72
70
59
61
37
37
38
37
32
36
34
38
64
41
33
68
48
67
46
38
38
126
82
56
77
33
127
102
58
67
47
70
48
69
46
38
125
83
55
41
36
119
99
46
67
45
36
37
34
151
131
86
61
37
39
67
45
68
46
66
45
37
36
36
157
113
86
61
37
38
66
44
69
46
65
44
37
36
37
155
132
86
59
38
36
65
45
67
46
67
45
36
35
33
154
131
87
61
38
38
66
45
68
47
63
42
38
36
36
157
134
87
60
101
54
177
118
79
52
51
179
117
78
52
302
238
197
133
95
55
174
116
79
50
53
170
116
77
49
325
270
202
138
97
56
176
113
77
51
52
177
116
78
53
304
241
173
135
98
56
167
110
73
49
53
168
113
76
51
309
274
203
138
100
56
179
119
80
49
52
173
115
78
53
305
243
206
138
100
54
177
208
177
77
54
172
115
78
51
303
242
203
139
99
53
174
192
166
81
53
182
119
80
54
335
276
203
140
99
60
252
193
155
91
54
170
113
76
75
347
288
214
147
107
61
252
195
153
118
88
178
112
76
54
340
280
208
144
105
59
251
190
124
87
55
176
120
80
50
306
242
173
136
100
58
225
193
149
114
60
180
119
80
53
310
275
201
139
99
61
250
189
127
90
54
171
115
77
52
337
249
211
140
103
59
227
226
153
117
58
183
119
79
54
334
273
205
139
100
58
248
184
124
86
52
165
109
74
52
310
226
188
150
113
84
257
218
181
105
134
185
118
80
66
292
227
186
148
112
84
193
128
86
47
93
150
118
79
61
269
223
187
150
112
83
205
245
180
54
163
153
116
77
63
274
229
188
151
113
80
207
128
88
55
99
151
116
77
56
246
182
141
104
95
79
297
234
164
83
48
125
70
48
62
261
215
174
136
53
84
491
444
405
367
329
290
256
220
182
288
212
250
188
56
79
418
307
242
200
161
125
103
70
48
229
181
141
102
52
77
213
143
220
219
104
68
151
114
77
279
233
190
151
113
85
105
68
97
67
103
67
176
117
79
459
330
285
171
116
82
146
114
194
166
229
158
144
112
76
800
124
71
72
49
61
76
49
42
37
69
37
95
54
35
109
73
50
71
47
39
73
48
38
39
36
36
92
66
35
45
71
48
72
48
42
69
45
38
37
35
35
68
45
35
41
68
46
69
45
37
68
47
38
35
58
33
67
44
34
40
67
46
67
47
38
67
47
36
45
36
34
70
48
34
43
73
51
69
47
37
69
46
55
40
89
50
70
47
33
42
68
47
69
47
39
67
45
36
35
70
48
69
47
33
41
71
48
69
47
36
67
45
36
40
67
46
69
48
31
40
70
48
69
46
39
68
45
35
35
68
47
123
102
57
41
70
46
69
47
37
68
45
36
69
134
55
119
82
54
43
69
47
70
47
39
67
45
37
37
52
32
120
97
55
43
74
48
71
47
35
67
47
34
36
57
33
120
96
52
42
69
46
69
47
38
66
45
36
37
36
33
118
97
53
42
71
48
69
45
36
70
46
36
39
88
47
175
90
57
41
67
46
68
45
39
68
46
35
37
68
47
38
66
45
41
74
49
67
45
35
67
46
36
56
93
69
101
77
50
42
68
46
67
45
39
69
45
36
36
67
46
119
79
51
58
74
48
65
45
36
65
44
35
35
125
51
117
76
53
42
70
49
69
46
39
66
47
36
36
68
46
119
82
54
42
72
74
67
44
34
66
45
35
36
110
103
119
98
55
43
68
46
68
44
38
68
45
37
36
68
47
123
98
55
41
73
48
65
46
37
66
46
35
35
68
48
155
136
109
40
68
47
70
47
40
68
46
37
33
67
44
119
80
55
47
72
47
68
47
35
70
48
37
35
91
46
189
149
63
42
68
46
69
45
93
69
46
61
36
66
47
37
66
47
42
72
116
68
46
38
68
47
37
37
67
64
37
66
45
41
70
47
70
46
39
67
46
36
38
68
44
34
66
46
41
215
161
90
61
37
66
44
36
35
68
46
36
72
47
42
38
123
83
55
40
72
46
35
35
69
48
37
66
44
43
37
177
156
63
39
66
45
35
34
69
47
39
91
49
41
35
70
46
34
38
69
47
36
34
67
46
35
68
47
41
36
68
47
32
38
68
47
35
34
67
44
56
68
46
43
37
69
47
35
41
67
44
35
38
65
44
34
68
46
44
41
143
122
37
39
69
46
35
36
69
47
33
117
97
39
36
68
44
36
38
64
44
35
35
67
46
37
68
46
42
55
66
45
92
40
67
44
35
37
67
47
37
67
43
40
37
67
44
36
40
67
45
33
34
66
47
38
67
45
41
38
69
44
40
38
68
46
37
36
68
46
33
91
50
41
38
68
44
36
39
71
48
35
40
67
45
38
68
46
40
36
92
71
38
39
66
44
33
36
69
45
35
70
47
40
38
69
45
37
39
72
48
36
34
66
46
36
68
47
41
37
69
47
35
38
66
43
35
37
66
46
34
70
48
41
37
68
45
35
55
123
81
56
38
65
45
35
67
46
42
38
70
47
40
39
121
100
56
36
70
47
37
67
46
44
38
70
48
37
39
102
78
54
38
68
46
35
67
47
40
38
69
47
36
40
120
79
54
37
69
48
38
69
46
42
38
67
45
37
38
100
78
51
37
69
46
37
68
44
41
38
69
45
35
38
118
80
52
35
67
47
35
66
45
41
36
70
47
36
37
120
151
140
37
76
49
36
68
47
39
37
73
48
37
38
119
100
55
34
67
46
36
68
46
41
36
69
46
37
53
176
90
58
34
70
47
36
66
43
39
36
68
47
35
41
36
67
44
35
68
48
36
69
49
40
36
70
47
35
36
247
200
115
67
70
48
39
67
46
46
36
71
49
38
39
52
55
67
46
71
49
37
68
45
41
38
68
46
38
36
105
119
129
107
68
46
35
67
44
39
37
68
44
38
40
36
117
77
52
68
47
35
69
48
41
35
69
46
35
36
37
123
108
110
70
46
34
69
46
40
34
69
45
35
41
36
126
82
56
68
47
34
69
46
42
37
69
43
38
38
38
122
81
55
70
48
36
69
47
38
36
69
48
37
41
35
118
77
52
68
47
33
68
46
41
35
67
46
36
36
55
156
134
109
68
46
34
69
47
42
35
69
47
35
40
34
122
80
55
69
45
34
70
48
40
39
70
46
36
37
36
151
129
103
68
46
33
69
49
45
37
68
47
35
42
35
121
80
54
69
64
31
68
46
41
38
68
46
37
39
35
180
141
60
71
44
33
69
47
44
38
72
49
37
41
37
51
67
45
70
47
34
68
45
41
38
69
46
35
38
35
172
80
52
70
67
35
71
49
39
36
70
48
35
38
35
121
100
56
69
45
34
66
44
42
38
70
47
36
36
36
121
99
54
70
108
47
72
48
42
37
69
46
37
39
35
118
97
55
121
106
40
66
46
40
40
69
46
36
38
34
121
98
53
106
96
85
67
46
69
52
102
93
50
59
52
172
119
78
99
66
49
96
67
124
57
105
158
70
55
49
543
522
669
615
498
429
158
117
63
51
101
203
75
59
52
4583
3266
3197
3154
3117
3080
3043
1976
266
89
101
68
52
55
51
360
292
217
178
141
106
56
56
52
101
67
51
57
52
1290
1090
1044
1005
788
180
52
257
125
177
154
81
55
55
181
118
78
80
53
53
60
53
189
161
81
59
53
180
117
79
52
772
472
219
96
180
120
80
59
52
186
123
81
50
52
55
84
142
114
75
59
53
1036
866
820
725
64
102
51
268
218
91
54
54
90
98
65
53
60
51
53
72
48
59
53
52
103
69
56
57
51
54
76
47
53
49
58
94
64
53
61
47
53
52
52
59
51
52
101
66
56
58
49
51
53
51
51
51
58
100
69
51
55
51
46
53
48
59
52
53
100
140
65
164
128
97
120
66
56
52
56
99
67
53
57
54
82
50
47
59
297
78
104
70
58
144
81
78
126
70
55
59
55
48
54
59
54
48
98
67
58
53
77
128
55
58
51
86
95
63
54
56
54
52
52
60
47
51
96
67
60
52
56
62
55
63
51
53
97
66
56
208
54
55
66
105
81
84
95
65
60
57
58
58
346
197
126
51
47
78
58
56
54
301
113
52
48
187
81
59
56
59
74
171
79
54
53
58
51
54
54
53
53
51
56
53
53
57
48
56
127
55
58
50
56
51
62
60
49
178
56
185
112
53
105
51
381
102
124
81
80
128
84
198
129
80
130
83
128
84
129
84
130
84
1385
64
54
39
40
39
43
37
40
137
59
43
40
130


countEmpty = 5195674	countFull = 0
