82
196
50
44
40
56
42
54
65
44
43
41
43
44
59
116
70
97
100
83
96
110
73
88
78
87
90
103
74
74
54
58
54
52
66
44
35
33
36
37
33
252
215
168
126
102
78
258
231
182
132
104
99
34
152
104
253
232
178
131
104
79
272
178
122
81
99
68
104
69
52
109
73
101
68
101
73
60
189
123
82
103
68
101
71
53
99
69
99
69
102
70
61
180
121
80
76
129
121
116
78
53
414
366
338
290
264
216
190
143
116
101
68
45
184
87
58
409
386
337
310
262
215
189
142
115
99
70
48
120
81
56
403
354
329
283
255
232
186
139
112
98
90
46
108
84
57
409
362
334
288
260
213
186
139
114
100
68
46
118
81
54
396
354
308
281
256
209
186
135
112
96
89
69
104
81
55
411
363
333
286
261
211
183
141
113
100
69
47
120
84
56
409
361
332
287
237
212
163
139
115
101
67
46
106
83
58
414
366
336
311
261
235
182
140
113
100
59
37
120
84
55
412
364
314
287
239
215
163
135
112
98
47
33
111
85
57
401
351
324
277
336
289
261
223
199
185
94
75
118
82
55
470
446
395
345
319
267
238
214
188
148
128
114
109
82
56
488
439
390
364
313
288
239
188
160
146
132
117
122
81
54
485
438
410
363
335
286
259
208
161
144
127
114
185
141
61
455
432
380
355
312
263
236
184
155
141
127
112
36
69
46
442
398
371
346
299
247
205
179
154
140
127
113
179
86
56
700
664
642
619
531
526
489
476
420
396
288
258
121
88
66
738
656
585
625
590
524
485
471
378
355
332
312
133
92
69
462
438
371
355
322
251
215
195
161
127
104
85
166
115
79
486
399
359
290
253
192
517
325
148
76
212
181
129
108
85
454
389
329
261
223
163
125
182
113
76
290
200
163
130
95
505
446
476
442
786
724
682
265
190
130
174
144
125
105
86
440
408
336
295
237
168
129
176
116
77
268
205
171
134
102
469
407
338
370
309
243
205
174
121
83
316
246
179
139
102
444
375
334
298
227
164
123
174
115
81
48
226
168
128
89
549
489
483
464
352
313
232
177
117
81
50
224
167
103
79
423
359
321
258
186
147
49
176
148
109
45
226
166
128
91
636
579
508
421
383
296
202
166
106
100
51
213
149
99
75
311
278
242
174
139
104
70
175
115
76
48
225
162
125
89
624
561
509
809
728
605
766
505
462
407
379
273
197
169
119
262
205
161
126
83
95
66
527
437
395
334
272
206
168
131
640
528
485
365
214
165
127
375
345
274
237
188
125
85
54
216
152
114
228
95
77
383
321
282
213
275
254
233
103
75
409
434
378
371
183
137
474
417
378
284
258
234
213
156
130
62
174
182
121
96
67
525
476
396
326
285
194
169
150
126
61
376
375
340
223
142
484
432
371
308
212
188
168
148
128
66
180
156
121
99
68
534
485
422
354
285
220
182
147
126
61
387
325
186
142
104
517
466
402
338
255
228
174
124
52
60
100
70
170
116
79
482
424
388
439
354
283
244
208
92
59
106
72
738
806
787
611
543
472
406
334
279
255
233
156
60
100
67
718
664
594
555
493
431
368
295
256
232
183
160
62
102
71
742
689
622
583
518
455
392
301
231
204
183
162
62
103
70
738
676
639
579
514
451
388
325
227
202
179
159
125
101
74
735
677
617
553
491
426
364
297
226
201
179
161
65
97
69
756
706
640
576
513
449
387
323
225
198
178
158
269
127
82
437
383
656
598
539
477
335
231
191
170
150
130
225
142
100
262
163
119
167
141
53
52
291
261
222
187
110
598
552
485
414
373
299
223
180
55
53
99
67
97
66
48
442
397
432
394
358
277
194
76
283
250
213
178
142
108
46
267
187
145
108
102
70
106
72
273
207
135
126
102
69
50
363
429
271
224
106
72
134
103
193
123
111
54
141
109
75
143
155
120
82
101
70
82
55
171
148
111
250
189
127
89
422
341
301
263
226
161
56
297
238
164
98
193
162
125
90
627
555
577
564
493
423
347
302
264
241
57
106
71
99
68
376
269
227
140
103
71
105
74
103
74
55
190
161
125
92
382
272
227
93
238
243
204
135
105
71
55
193
162
125
91
98
84
36
45
74
75
72
50
73
49
36
98
74
68
46
91
80
39
39
72
50
74
51
70
49
38
84
46
69
46
42
33
35
36
67
48
68
48
67
47
33
70
49
65
45
75
35
90
94
72
48
70
48
70
47
35
70
49
67
47
62
35
37
36
68
47
71
49
70
49
38
70
47
67
46
79
54
88
91
69
50
69
49
70
49
36
69
49
67
48
44
38
36
39
70
49
70
49
71
48
37
67
47
66
46
43
50
38
39
72
73
65
45
68
47
35
66
44
65
45
44
36
38
37
69
47
67
44
71
49
37
70
47
66
47
43
33
36
37
71
51
70
75
68
46
35
69
48
67
47
44
36
35
36
71
49
71
49
66
65
35
70
49
67
46
41
34
54
36
101
51
67
46
68
47
35
71
48
66
47
43
35
35
36
68
48
69
47
67
46
34
70
45
65
45
40
34
35
39
119
122
69
46
71
66
34
70
48
66
44
44
35
34
35
67
46
69
47
69
67
34
70
46
62
42
43
33
35
53
151
129
161
139
90
83
36
68
45
67
43
44
33
35
37
89
50
162
139
90
63
36
70
47
64
45
40
33
33
35
125
54
156
130
105
81
36
66
45
65
47
41
35
35
34
36
35
161
134
108
81
33
68
45
66
46
42
52
33
36
37
36
186
211
167
139
193
169
146
97
69
46
51
51
35
36
34
161
141
92
63
210
190
143
100
72
42
36
33
34
56
34
241
198
102
68
210
164
137
95
69
47
51
32
33
36
34
89
50
69
47
209
187
140
113
71
43
34
53
32
71
36
101
75
70
124
4516
4589
4548
2961
2915
72
87
47
35
38
36
70
49
67
44
72
48
74
50
42
86
46
34
38
39
111
86
193
146
93
65
69
48
44
68
48
33
37
33
70
47
58
100
78
53
73
50
40
68
47
35
36
36
71
99
35
119
80
54
68
46
70
88
66
36
38
39
70
48
35
125
83
56
128
54
42
766
753
523
179
114
194
174
64
675
512
378
92
61
45
37
39
75
52
38
89
50
36
35
77
50
41
36
37
93
72
33
77
49
38
37
70
47
39
34
35
69
47
35
66
47
37
35
71
49
42
34
35
69
48
36
76
48
37
35
71
49
66
34
38
72
50
754
581
486
122
81
167
112
45
34
40
72
51
38
37
71
49
41
37
42
36
36
72
49
37
35
72
47
87
37
41
556
347
75
48
46
100
88
54
52
36
44
37
169
149
40
47
78
54
165
63
44
37
38
39
43
74
51
36
33
44
37
35
38
35
70
47
41
35
43
36
39
54
40
75
51
51
36
39
37
36
36
36
35
34
38
39
53
37
37
38
54
81
38
39
37
40
37
38
37
37
36
38
37
127
60
39
37
38
88
39
41
36
41
38
35
37
37
38
38
38
41
38
34
34
38
38
41
36
40
35
36
34
38
36
37
35
138
39
45
116
217
63
35
59
48
38
39
38
37
60
44
36
41
36
42
37
43
127
112
63
37
40
44
40
37
69
39
40
51
36
36
34
135
184
69
35
38
43
37
33
37
89
53
32
37
42
33
34
36
109
37
33
36
159
37
34
55
164
119
40
57
33
36
40
39
37
45
35
37
42
32
124
75
36
105
125
148


countEmpty = 5202008	countFull = 0
