61
41
69
43
35
37
31
60
28
69
83
58
43
57
34
34
34
28
65
43
47
38
32
40
60
29
28
33
25
26
26
28
111
63
40
93
43
80
53
205
186
140
96
69
40
35
62
41
42
34
66
46
37
106
99
67
212
165
123
209
147
84
49
153
87
52
161
102
52
95
66
178
161
122
185
154
83
50
423
372
332
292
254
216
181
143
179
134
91
223
163
124
53
445
368
325
287
248
214
176
140
180
167
129
176
143
104
47
353
281
240
200
162
124
101
68
201
130
91
177
119
79
49
279
219
190
163
136
112
75
51
109
60
33
129
82
56
39
125
76
186
165
113
89
68
46
36
85
44
53
35
32
34
37
109
70
110
86
60
123
82
54
156
134
85
61
33
38
37
34
152
109
84
61
118
81
55
154
134
105
189
57
32
39
35
154
112
85
61
121
79
53
155
135
85
59
34
38
35
35
148
108
83
60
116
94
53
152
130
83
58
33
36
38
34
157
114
86
62
121
100
55
153
132
85
60
84
41
37
33
157
115
86
61
118
98
53
153
110
82
59
35
35
97
51
159
116
88
64
119
96
52
154
134
87
62
38
34
85
47
156
113
85
61
38
51
37
154
135
86
60
116
94
71
48
150
129
82
57
98
76
52
152
131
84
59
68
46
68
46
152
112
84
61
123
80
54
152
132
84
59
70
49
68
44
183
140
114
83
413
482
409
367
331
294
260
158
113
104
71
223
158
119
87
576
520
439
366
301
263
194
157
122
98
67
224
158
123
91
563
533
467
394
327
288
223
162
123
101
67
217
155
118
86
171
494
469
378
337
275
213
148
111
101
66
224
159
125
89
547
493
457
393
332
264
226
160
124
101
66
223
158
118
84
552
520
431
395
327
288
220
159
123
102
70
225
165
124
88
575
523
462
393
357
293
226
165
125
99
68
222
160
122
88
578
529
460
422
358
295
225
164
124
99
68
215
158
120
86
580
525
488
428
363
301
223
160
123
101
67
225
161
122
87
664
635
595
576
523
351
289
250
217
99
68
235
167
126
91
523
476
409
339
268
229
191
158
124
100
66
252
190
127
89
551
501
440
372
299
262
198
160
124
98
66
250
188
126
89
550
491
452
394
331
263
196
159
122
99
65
250
187
124
87
536
509
447
382
347
288
221
160
122
100
67
227
162
123
90
571
519
451
387
352
290
221
159
124
99
66
268
193
126
89
584
522
485
421
360
300
231
166
128
103
68
249
189
128
90
572
515
456
391
353
290
222
158
121
97
64
226
162
122
86
588
535
474
411
351
292
228
163
123
100
67
249
187
126
86
562
513
450
391
328
261
228
160
123
100
66
250
186
125
89
572
521
459
400
333
295
229
164
126
98
67
261
196
133
92
589
538
476
407
370
308
239
165
125
104
69
240
169
128
93
584
528
459
394
357
293
225
163
125
101
68
251
188
128
89
572
516
482
419
355
293
226
162
123
100
68
244
187
126
88
540
512
448
388
326
261
223
156
123
102
69
227
163
124
88
574
520
457
394
323
287
217
158
123
99
67
262
196
130
91
576
523
459
391
354
293
225
163
123
106
69
221
191
131
93
590
538
470
432
365
305
199
162
125
97
65
228
166
126
90
590
532
495
431
369
308
230
165
126
99
68
245
188
127
89
356
518
469
411
345
309
218
152
112
101
66
228
164
126
87
554
528
463
397
334
296
233
165
127
98
68
260
195
134
94
558
506
441
402
343
282
217
151
125
130
86
258
178
138
132
317
227
188
124
98
69
50
97
68
129
82
253
179
141
100
184
155
119
51
138
75
140
110
75
136
86
218
205
170
133
183
149
84
83
296
233
170
131
95
136
84
532
485
412
340
301
203
164
54
50
49
96
66
50
124
82
263
216
149
133
100
76
86
133
101
49
97
66
45
128
84
289
245
205
136
54
55
85
128
71
51
96
67
46
130
85
254
208
169
131
55
81
73
92
52
193
164
124
87
132
83
254
208
199
135
52
132
72
49
84
183
154
118
83
125
84
254
207
168
131
186
151
110
87
50
191
160
124
86
300
35
308
249
221
194
168
144
99
246
201
176
127
100
74
74
37
122
76
92
51
68
46
59
216
174
146
120
96
72
58
36
54
34
68
68
119
99
54
257
237
189
128
102
77
38
32
36
32
66
44
113
96
54
65
65
148
110
85
60
56
34
37
33
66
46
115
80
55
68
47
154
111
82
59
38
34
64
58
64
46
116
81
54
70
46
171
131
85
59
45
35
37
34
66
43
118
81
55
69
48
157
135
86
60
37
33
36
36
66
44
120
100
54
66
45
156
134
88
60
37
34
36
32
68
45
111
93
52
66
45
151
129
85
59
54
34
37
32
66
48
114
77
54
66
46
157
115
87
62
54
34
36
37
67
45
114
96
53
66
45
155
131
86
61
54
34
34
34
67
46
114
80
53
64
46
158
115
88
63
55
33
36
32
66
45
118
95
52
65
46
155
138
89
62
54
32
37
33
68
44
113
95
54
65
46
155
133
86
59
56
33
35
35
69
47
115
79
54
64
43
154
133
87
62
56
32
34
34
68
47
117
81
55
64
44
160
115
86
61
57
33
36
32
69
46
115
98
56
64
44
154
132
85
60
59
34
37
33
70
48
114
78
52
64
45
155
134
84
60
38
33
35
34
64
45
114
94
54
65
45
152
131
86
59
55
32
37
32
69
46
115
78
53
65
44
155
134
85
60
39
33
37
35
69
45
113
77
51
64
43
156
133
87
61
55
33
36
34
67
45
113
93
53
64
46
156
112
85
61
55
33
36
35
68
48
118
100
56
65
46
155
134
86
61
38
32
36
33
67
45
114
97
54
64
44
150
130
86
60
55
33
36
34
68
47
113
97
54
66
44
155
134
86
59
38
33
34
35
66
44
117
80
55
63
45
155
134
87
61
60
35
37
33
69
47
117
97
55
69
49
158
133
87
61
42
35
38
35
71
47
115
97
53
64
46
157
135
88
62
58
33
38
35
67
45
110
92
53
67
45
152
130
86
61
38
33
36
33
69
46
114
79
53
65
43
157
138
88
62
53
32
37
33
69
48
116
97
53
65
45
154
134
89
63
55
35
35
34
71
48
114
95
53
63
44
152
131
86
60
39
32
36
35
66
46
117
98
54
65
44
157
115
87
62
53
34
35
33
66
46
113
95
52
64
44
151
130
83
59
37
35
37
33
68
46
115
95
51
66
46
151
112
86
60
39
33
36
35
65
44
113
78
54
68
47
156
134
84
59
56
35
37
33
67
46
117
79
52
64
44
155
135
88
62
59
35
38
32
69
46
111
94
54
63
44
158
136
89
63
39
35
37
33
65
44
111
92
52
63
44
153
131
84
59
55
33
36
34
68
47
118
79
52
3576
2640
2586
2556
693
644
101
54
82
32
72
49
120
100
58
123
82
55
69
47
69
45
37
33
68
48
118
100
57
123
102
55
70
48
70
45
37
50
69
47
115
94
52
121
99
56
71
47
69
46
35
34
67
45
111
92
51
117
96
53
71
49
68
44
37
35
66
46
118
100
55
120
80
54
70
45
66
44
37
35
68
46
115
95
53
123
103
57
70
48
74
49
35
35
70
47
116
94
51
118
98
56
69
47
68
49
37
38
66
46
150
144
100
120
97
53
71
48
73
50
36
36
69
48
97
76
51
116
79
52
71
48
69
47
36
34
70
47
117
78
52
120
99
55
70
46
70
46
36
36
68
46
118
77
53
120
98
55
71
46
70
49
36
37
70
49
114
96
55
120
103
59
68
47
68
47
37
34
70
48
116
95
53
117
94
52
70
47
68
45
35
34
67
46
112
93
51
118
97
55
72
48
66
45
35
37
68
45
117
78
54
120
99
55
70
47
66
45
36
36
67
46
115
95
54
116
97
55
71
47
71
46
36
36
72
48
118
80
55
120
81
55
68
46
70
47
37
35
67
45
116
79
53
118
97
55
69
44
70
45
36
35
66
45
115
94
53
117
97
54
72
49
67
46
38
35
67
46
117
98
54
119
99
55
70
49
71
46
35
36
67
46
117
99
55
1695
1689
1558
83
52
128
51
38
34
69
47
119
98
53
39
66
46
73
48
36
31
66
47
116
95
55
38
67
47
69
48
36
33
68
46
1311
1301
811
96
80
54
74
52
54
32
71
47
37
36
37
68
48
67
47
35
35
65
45
34
35
36
66
44
120
51
38
34
67
47
35
35
36
66
45
75
49
38
34
67
47
35
35
35
68
48
75
49
35
36
65
45
35
35
35
65
45
72
50
35
36
68
47
36
35
34
66
45
72
50
36
35
64
43
33
812
77
85
58
76
53
105
72
100
68
53
54
100
69
1057
1006
394
304
260
219
110
79
103
71
57
927
872
830
794
731
80
104
71
56
261
200
158
95
55
97
66
52
888
715
671
120
77
109
74
696
111
67
66
70
105
69
104
73
54
53
52
47
53
46
53
50
72
46
79
48
49
50
52
46
76
48
171
71
208
58
106
52
53
52
56
49
52
52
53
46
51
49
52
46
50
52
61
47
52
51
200
54
80
59
180
80
64
54
50
54
53
61
53
57
52
55
47
52
49
52
49
54
49
176
76
71
55
177


countEmpty = 5152522	countFull = 0
