65
91
62
53
42
38
61
36
37
30
35
55
32
40
45
156
68
42
59
75
59
83
120
63
116
69
84
56
62
68
81
83
63
54
61
54
56
102
68
100
69
67
59
56
56
61
39
43
41
40
39
40
72
50
71
47
42
43
39
38
81
57
60
53
57
52
56
101
68
101
70
132
87
53
54
87
56
61
56
57
54
55
103
71
106
71
58
60
58
53
60
38
42
44
40
39
39
72
48
73
50
64
96
95
41
60
39
66
44
39
39
39
74
49
75
49
40
44
43
39
62
40
39
45
42
39
40
74
49
71
48
39
41
47
42
80
54
59
90
89
53
55
107
70
103
69
53
85
105
60
82
53
54
104
61
55
57
105
73
101
68
57
53
59
63
84
53
55
133
62
54
56
103
68
100
66
54
54
55
60
169
86
75
62
161
85
72
106
70
103
70
70
66
113
74
93
62
41
60
78
52
40
72
50
73
49
39
39
39
43
130
83
57
54
109
73
58
103
69
102
71
55
55
153
62
128
86
57
55
114
140
63
107
72
99
66
55
55
53
65
92
61
39
39
98
55
40
72
50
72
48
37
38
37
43
131
84
56
53
202
90
60
104
69
104
69
54
53
55
61
131
89
58
54
94
140
58
106
72
98
69
58
54
52
60
90
60
39
39
43
39
40
76
49
73
47
39
38
39
42
97
62
40
39
46
44
40
72
48
73
49
38
38
38
41
99
63
40
37
42
40
43
71
48
69
47
39
37
37
39
133
88
54
55
96
54
62
101
69
100
71
56
54
55
58
132
87
55
56
59
54
55
104
70
98
67
55
55
53
54
130
85
58
59
150
81
203
126
86
101
70
62
63
60
83
131
85
58
54
109
71
136
72
52
102
68
56
56
55
53
129
89
54
57
109
72
85
145
78
99
68
56
53
57
55
95
62
38
38
72
48
38
39
35
71
48
38
37
39
39
96
84
37
39
111
75
63
85
186
122
81
55
52
57
54
159
118
97
67
103
69
56
55
185
124
84
57
52
55
58
171
96
101
72
122
81
105
53
257
142
89
59
64
57
71
191
123
103
69
114
74
56
55
51
100
67
54
53
52
56
95
63
72
48
76
51
40
41
39
71
47
35
37
39
39
170
122
102
72
111
74
57
56
57
104
69
53
53
57
55
129
121
99
69
102
69
57
56
55
103
68
94
56
55
57
133
87
103
69
116
74
56
56
57
104
71
54
55
54
55
95
62
73
49
76
50
39
38
37
71
50
37
38
37
40
131
124
103
68
108
71
58
54
54
103
70
55
54
54
55
135
87
103
70
112
73
58
56
53
107
74
86
62
137
58
94
61
73
48
74
49
41
40
38
71
47
38
39
38
40
167
123
97
68
110
73
59
55
55
105
70
56
54
55
58
175
92
102
70
124
83
62
52
61
102
68
61
60
61
76
208
123
99
69
109
73
57
56
55
104
70
59
54
55
56
133
125
100
70
111
75
57
56
56
105
71
55
56
56
53
130
120
99
68
110
73
55
54
55
104
71
57
54
56
55
133
122
102
71
108
72
57
54
55
104
69
58
51
55
56
133
126
103
70
110
73
56
51
51
102
68
55
55
54
53
126
123
104
69
115
78
63
83
37
71
49
40
40
37
39
128
86
103
135
111
74
61
55
53
102
68
57
56
53
54
91
61
75
51
57
37
39
40
37
73
49
39
39
39
40
169
125
172
80
81
53
56
57
53
103
70
54
54
56
55
129
116
222
85
55
52
56
56
54
102
69
52
51
53
54
136
90
85
105
78
51
61
53
57
110
76
59
63
58
80
131
89
58
55
51
52
56
54
57
101
68
56
54
55
55
129
314
53
77
50
51
56
52
51
104
69
55
54
57
54
97
105
38
39
39
40
40
40
36
72
49
41
38
38
38
200
157
53
53
76
52
56
53
56
102
68
55
56
55
56
256
141
79
83
129
69
50
53
53
107
72
55
56
55
57
108
145
109
143
74
136
76
55
54
97
68
62
65
53
83
110
100
68
154
95
99
96
98
102
95
62
55
56
54
54
115
106
70
103
68
104
72
101
102
97
65
57
56
54
51
59
75
50
77
52
76
50
74
49
71
47
36
39
38
37
115
137
106
103
105
104
108
139
107
100
66
45
57
56
57
61
74
50
74
50
76
50
39
36
72
47
39
38
38
39
111
102
105
98
100
98
94
158
103
95
93
49
55
53
56
61
72
48
74
49
74
51
75
50
71
48
38
38
40
36
84
71
47
74
49
76
50
72
48
73
49
37
38
37
38
85
73
48
70
48
75
50
72
48
70
47
37
38
38
39
259
176
134
299
215
176
133
234
201
164
97
52
56
52
54
206
132
94
180
147
81
84
225
194
158
122
50
84
53
85
203
132
94
186
152
86
88
206
149
110
99
68
58
50
53
206
137
97
212
154
112
85
203
151
112
96
66
50
49
53
118
65
36
96
70
36
38
92
68
34
73
49
37
38
39
166
128
51
135
101
88
81
152
148
110
133
72
101
66
58
131
116
78
129
98
50
83
248
218
146
436
281
228
187
61
180
130
135
101
54
52
55
133
74
79
266
201
160
92
80
95
63
56
35
41
38
38
71
48
36
69
45
69
45
40
94
61
59
35
37
41
40
73
49
37
72
46
70
46
40
133
118
134
73
54
53
55
137
78
287
252
177
137
101
59
93
61
55
35
38
38
41
37
36
37
185
140
96
66
41
134
118
136
75
52
53
80
51
52
279
212
170
132
98
56
91
60
57
37
39
38
39
38
38
91
70
123
82
54
40
162
118
135
74
54
52
53
53
88
311
245
180
140
102
58
133
86
100
96
80
90
81
77
77
286
220
177
141
102
53
92
58
72
48
39
40
39
40
34
39
163
142
93
64
40
131
123
102
68
141
75
56
78
50
340
285
184
142
102
63
132
126
102
69
99
68
53
49
47
158
106
150
116
77
53
128
88
102
105
102
98
79
129
72
103
71
177
120
79
54
129
85
104
107
102
69
86
98
100
102
69
178
120
79
55
95
61
73
49
73
50
40
74
49
72
48
60
69
46
40
130
122
143
112
133
103
90
138
106
212
182
116
100
70
56
133
127
100
96
122
92
124
71
78
178
148
113
99
67
55
134
123
102
104
101
101
132
102
264
237
171
126
104
68
68
129
125
102
105
100
71
102
72
227
234
172
129
103
69
128
129
123
101
106
101
68
101
68
277
239
175
131
104
69
57
133
124
104
106
100
105
101
69
254
195
174
133
99
69
56
94
62
73
49
71
47
71
50
70
71
69
46
74
50
37
166
122
147
115
142
111
136
106
231
203
165
125
99
67
55
164
145
161
101
87
84
176
108
138
107
200
168
127
87
67
125
84
129
70
80
52
104
72
124
106
236
171
130
92
56
95
60
74
50
40
40
74
50
70
47
171
147
95
66
39
128
123
101
97
75
84
100
68
94
64
234
166
124
90
58
96
62
75
50
39
40
74
50
71
47
97
76
69
47
39
169
124
134
102
141
111
143
111
135
104
236
168
130
91
59
107
60
56
37
40
37
38
37
71
47
39
126
104
57
40
157
113
131
103
132
102
52
54
165
109
198
165
126
90
59
93
61
58
35
38
34
38
39
71
47
164
141
90
61
39
97
63
43
35
40
38
40
40
72
48
169
142
91
62
41
164
118
136
100
80
77
54
54
140
109
200
168
128
90
59
192
113
87
80
135
102
81
52
140
75
195
159
123
86
54
105
83
78
85
103
99
52
52
127
104
234
167
125
118
53
57
40
39
38
71
49
40
38
72
47
166
142
91
63
39
106
132
99
52
133
103
134
101
100
97
300
241
201
164
99
62
37
35
40
57
36
73
50
74
48
127
125
81
68
47
108
135
101
80
53
53
137
107
138
106
281
248
176
136
99
55
57
40
41
39
39
39
36
73
48
39
164
118
88
61
115
132
73
51
52
76
85
52
155
98
265
206
169
129
95
62
54
36
39
39
39
37
38
71
47
184
162
114
83
36
80
94
52
38
41
38
41
39
71
47
170
147
95
64
37
116
134
73
53
52
82
88
54
163
130
281
222
179
140
100
109
133
102
133
98
79
79
78
100
97
318
253
181
141
104
60
73
50
75
50
38
39
39
69
46
39
156
137
88
61
59
72
50
77
52
39
39
37
70
48
39
166
146
94
66
86
74
49
74
49
38
38
40
73
48
39
166
144
95
64
61
73
50
72
47
40
40
38
71
46
39
163
139
92
64
259
175
134
185
152
86
53
54
133
109
248
213
174
136
100
820
747
675
389
305
236
192
148
51
193
164
127
104
82
52
156
86
83
193
128
86
137
106
55
325
267
225
186
149
112
96
62
39
41
72
49
55
38
37
38
216
196
145
115
70
96
62
39
41
71
49
40
36
40
35
221
198
148
117
74
161
117
163
109
158
101
53
80
454
392
316
246
204
165
125
127
83
98
69
106
101
76
50
231
181
116
196
162
125
87
97
62
74
51
75
50
39
40
73
69
34
165
140
91
65
97
61
72
48
73
51
38
38
71
48
34
171
147
93
65
97
89
73
49
73
50
39
40
73
50
36
184
138
92
64
174
130
146
77
148
115
88
85
246
188
116
194
163
123
86
162
114
100
96
98
93
76
76
200
177
119
234
169
130
91
135
125
105
109
100
97
76
82
147
115
116
234
168
127
89
129
84
103
109
99
67
78
100
152
155
120
197
164
127
91
132
128
106
105
99
97
79
52
172
119
80
235
170
128
89
95
62
75
49
74
50
40
37
92
70
33
37
126
104
58
131
122
133
101
101
101
98
67
642
589
549
375
305
181
130
135
125
137
108
104
103
100
67
100
67
184
123
82
102
67
1200
113
680
479
417
374
334
297
259
220
197
175
153
86
53
59
38
39
55
155
132
81
75
51
167
145
93
65
68
48
58
39
40
40
61
73
48
70
75
185
139
110
85
72
48
79
55
55
80
84
140
76
140
75
106
74
196
165
128
89
79
58
57
55
82
104
97
100
106
138
107
196
164
125
86
82
56
55
57
56
103
71
100
69
97
67
225
166
127
89
55
40
38
38
40
72
48
72
47
73
49
62
122
83
55
80
58
58
56
56
107
75
107
72
97
68
82
152
117
77
76
54
55
55
55
103
69
102
70
103
71
52
176
119
78
60
39
39
40
39
75
51
75
51
72
49
38
39
69
47
82
55
57
56
56
104
70
103
69
98
67
49
86
96
66
81
55
56
55
56
104
72
106
71
101
71
53
51
100
67
81
56
56
56
54
103
70
107
72
102
69
51
50
95
66
58
39
38
38
39
72
49
71
47
73
50
38
38
71
49
58
39
39
39
39
76
51
72
47
72
49
38
38
70
47
82
56
57
56
54
109
74
103
69
103
69
50
88
188
79
60
38
39
39
38
75
50
72
49
72
51
38
39
40
33
82
57
55
57
54
109
73
102
69
102
69
50
55
81
53
78
56
52
56
53
110
72
105
70
98
66
49
55
55
52
79
58
51
96
54
108
72
106
71
99
70
51
55
55
50
82
55
56
58
53
103
73
104
68
94
65
48
52
55
51
60
37
40
40
38
73
48
72
48
71
50
39
37
38
39
109
102
70
57
52
107
70
105
69
98
69
53
52
53
53
183
135
96
52
50
108
72
143
107
143
115
102
96
78
52
210
167
128
102
71
105
72
101
72
75
50
106
71
53
53
115
63
38
73
49
75
51
73
50
38
38
71
48
38
37
115
82
36
71
49
75
51
73
50
37
37
72
46
35
39
165
124
56
146
75
99
68
99
97
77
49
99
65
53
52
152
114
78
138
106
135
105
123
95
130
106
99
67
51
51
168
121
76
86
54
159
75
51
52
101
71
225
193
127
87
127
84
130
70
80
128
96
131
102
123
92
222
166
126
87
133
88
105
70
52
105
71
101
68
102
72
257
196
130
92
131
122
105
99
87
100
68
102
107
99
68
263
200
135
93
129
84
99
96
86
100
68
98
103
104
71
239
172
131
91
131
87
101
97
88
101
106
137
108
102
97
258
197
135
93
129
88
104
70
86
104
104
96
103
95
64
252
191
126
88
132
128
100
97
87
104
102
137
105
135
100
233
166
125
86
95
61
76
50
39
74
48
73
50
72
49
97
71
70
49
94
61
69
47
38
72
50
71
47
73
48
73
49
69
47
165
124
136
77
53
141
110
140
72
369
305
263
189
149
111
287
133
142
103
56
141
72
159
103
78
236
200
163
127
92
104
135
77
50
89
142
113
134
101
398
340
262
192
151
113
61
56
38
36
41
75
50
75
50
73
49
34
125
101
53
79
55
54
35
38
73
49
74
49
72
50
36
125
85
56
109
184
151
85
54
137
107
141
111
356
325
250
184
144
107
59
98
73
104
56
54
35
37
35
34
37
158
138
89
61
82
131
99
133
124
161
99
81
52
326
261
220
181
144
108
56
75
51
76
50
40
35
38
39
96
74
160
114
86
61
116
101
67
99
67
131
97
80
50
133
103
196
165
127
89
116
138
105
102
68
77
51
79
81
98
67
229
166
124
88
114
104
109
100
67
77
80
74
78
96
63
232
166
124
88
81
172
110
218
113
177
92
104
102
129
101
192
161
124
88
495
364
319
243
221
183
88
107
72
102
73
192
161
125
87
113
104
57
73
50
35
37
74
49
71
48
166
142
91
65
162
153
82
190
157
119
55
144
145
105
70
197
168
128
91
113
62
39
90
69
37
39
38
35
68
47
93
71
67
47
167
120
188
155
115
53
52
52
55
371
304
230
189
149
110
132
86
137
75
80
137
101
81
85
369
306
231
189
149
111
136
118
135
105
88
131
101
131
114
366
303
261
189
148
108
133
87
130
100
88
104
71
101
70
388
338
263
191
149
112
128
85
97
68
52
101
68
101
71
389
327
287
220
155
115
132
126
133
102
186
120
81
101
69
364
333
261
190
151
112
133
126
103
73
177
119
82
100
98
394
328
258
216
151
111
135
128
98
68
176
118
80
101
118
392
336
261
192
150
111
191
150
255
182
146
74
220
162
124
56
243
212
171
133
97
128
88
52
48
132
98
177
121
81
48
302
237
174
133
97
134
115
130
71
103
72
139
77
86
50
312
251
178
137
99
133
86
103
70
108
73
81
79
130
72
317
254
181
140
102
113
63
74
50
75
51
41
39
72
49
92
74
123
82
55
172
127
102
105
102
69
56
51
97
67
137
104
149
115
79
131
86
99
67
100
68
55
49
100
65
106
70
176
119
82
135
126
139
107
133
102
103
102
96
66
98
65
179
118
80
133
126
100
107
102
106
99
104
100
105
99
68
182
121
80
134
124
98
104
103
110
97
103
130
103
98
97
144
114
77
135
128
102
104
103
110
134
102
239
213
135
91
179
119
82
271
225
183
145
130
99
127
71
232
169
129
90
140
110
159
247
142
99
53
101
110
103
105
581
555
518
447
408
338
300
133
63
34
36
74
50
73
49
91
67
112
71
71
47
41
116
83
93
49
74
49
74
50
71
49
69
48
70
46
37
177
91
103
71
144
78
147
77
136
109
325
300
124
53
51
130
123
156
99
52
80
54
77
86
423
241
190
120
50
46
127
86
126
97
80
94
83
83
468
475
187
133
150
115
74
96
62
74
50
38
39
40
38
38
75
50
89
67
35
32
133
126
177
148
86
53
82
51
49
107
72
211
179
111
48
98
62
41
39
40
37
38
39
35
73
50
38
70
46
38
172
126
132
103
129
100
77
100
68
104
68
86
125
92
50
162
141
144
111
148
119
247
252
134
129
96
87
128
97
51
93
62
39
35
75
51
75
50
39
73
49
37
72
47
36
131
117
140
75
105
71
191
160
155
145
108
85
135
102
51
94
63
37
37
74
51
63
85
132
108
61
40
74
49
39
92
59
38
34
70
49
37
37
125
102
56
38
70
47
36
160
118
142
76
136
106
206
108
132
103
314
249
209
169
104
139
121
168
106
56
55
87
57
132
134
236
206
167
131
96
96
64
38
36
39
38
40
38
37
35
224
200
151
118
72
96
62
37
37
41
40
40
40
39
36
230
184
155
99
73
160
116
128
71
53
50
82
76
128
70
306
244
175
133
98
97
63
56
33
37
39
59
38
99
71
352
230
184
144
106
167
120
158
101
52
65
105
72
105
70
231
162
121
87
48
127
86
102
98
356
131
143
112
88
54
190
248
179
149
37
97
63
74
50
38
40
39
35
74
51
73
73
69
47
39
99
65
70
47
39
37
38
35
72
47
69
48
67
47
39
95
90
70
48
36
40
39
35
74
50
74
49
68
45
37
168
124
150
192
184
83
102
106
136
109
226
189
149
111
48
128
124
400
412
145
100
115
139
137
345
285
244
178
137
100
128
125
372
129
100
68
117
57
413
365
297
270
149
114
87
94
60
38
38
72
49
74
49
90
66
70
72
122
86
58
95
63
37
39
75
50
75
50
72
48
70
45
123
84
56
161
118
127
54
99
69
107
108
438
373
332
294
223
157
119
128
87
148
112
102
104
102
99
439
407
343
267
200
161
124
134
155
106
72
100
69
101
69
474
417
349
276
205
164
127
549
504
199
145
142
72
76
49
76
339
244
184
154
108
80
135
103
41
36
40
36
71
51
37
39
222
178
151
101
72
199
96
106
72
81
186
154
115
77
323
262
220
180
145
109
106
37
75
50
39
75
70
38
39
97
73
166
120
90
64
160
121
102
100
82
130
72
81
50
99
100
200
167
129
91
177
92
147
117
55
129
98
87
227
197
120
192
161
123
85
80
55
36
36
37
55
38
40
76
99
39
173
146
94
67
187
115
54
53
81
78
87
55
126
128
242
210
173
135
100
80
38
40
40
41
39
40
38
58
37
224
202
150
120
74
76
56
37
36
41
39
39
40
37
37
61
168
121
91
65
186
114
78
79
76
77
80
83
134
111
240
207
167
131
98
158
117
128
96
128
98
84
159
99
50
311
246
179
138
99
131
87
104
69
99
67
52
92
101
68
302
245
174
136
101
132
87
107
109
129
96
53
52
98
66
314
245
206
142
104
132
84
104
105
101
95
81
86
100
97
307
245
205
145
104
95
61
74
49
73
48
40
38
72
47
37
145
103
74
36
169
122
140
110
127
98
164
107
179
184
119
227
198
131
93
131
88
139
105
98
101
100
68
176
120
82
254
194
131
89
176
130
147
79
141
77
166
108
54
329
301
229
187
147
111
77
38
38
35
40
37
56
37
38
72
48
165
142
92
63
76
92
69
37
34
37
41
35
37
73
50
179
137
91
65
115
242
182
110
82
137
107
90
89
292
260
222
183
144
108
187
115
82
80
51
129
71
55
82
320
252
212
174
137
103
81
36
37
39
39
75
51
40
39
95
70
165
116
88
64
189
148
52
51
55
136
75
54
54
361
263
223
183
145
108
117
64
38
39
41
37
36
40
37
38
217
196
145
115
73
165
120
130
99
129
74
53
54
79
366
264
223
182
144
107
130
86
100
66
100
69
76
76
51
84
261
231
169
133
98
135
90
103
107
99
97
78
80
130
73
313
252
177
138
101
115
63
77
52
73
50
38
40
72
48
39
162
141
92
64
94
61
72
49
74
50
38
39
73
49
37
164
141
91
63
174
127
143
113
132
102
54
54
134
105
270
213
174
137
101
153
112
157
97
52
52
53
81
51
352
291
222
180
145
110
134
89
132
98
132
97
53
79
48
394
330
258
194
154
114
94
60
77
50
74
51
41
39
38
37
69
69
121
83
55
131
124
106
109
131
98
79
130
71
79
311
244
179
137
101
97
62
75
50
74
50
39
75
50
38
38
58
122
83
57
128
118
134
105
131
99
86
128
98
149
96
260
206
127
90
132
127
141
110
135
102
151
151
118
99
97
257
196
131
90
171
89
136
131
54
80
141
109
55
332
266
222
184
145
110
185
114
131
99
79
156
101
104
102
378
346
275
192
150
113
96
61
59
37
40
39
39
74
51
36
36
181
141
112
66
95
61
38
36
38
38
39
73
49
37
36
160
139
91
62
166
147
82
83
55
145
77
162
102
323
260
216
179
143
108
130
118
131
70
52
102
69
164
108
555
493
340
288
176
122
126
123
101
98
84
103
70
104
70
129
73
100
105
100
69
94
62
77
52
41
72
49
73
50
72
49
74
49
71
49
93
61
71
48
38
73
49
71
47
71
48
72
49
71
49
95
89
74
50
39
71
50
74
49
71
49
73
48
74
52
173
126
164
105
55
143
73
143
75
386
308
265
225
155
114
164
122
132
100
89
162
105
52
112
326
261
217
181
144
108
131
87
102
100
80
127
97
131
71
395
333
260
192
150
111
92
62
73
48
39
71
48
72
48
72
48
55
126
105
57
132
124
102
100
85
100
70
99
70
393
365
299
226
158
117
134
128
103
70
184
120
80
104
99
363
330
265
191
151
110
129
85
103
71
131
72
84
102
106
391
333
258
217
148
109
131
126
103
110
132
74
89
135
128
359
295
257
190
150
113
126
122
102
98
127
97
157
101
76
355
295
254
186
149
112
132
128
103
106
105
72
132
103
468
412
347
273
203
164
123
96
62
75
51
74
52
58
36
54
53
149
106
79
70
50
168
124
152
120
133
100
133
102
443
382
313
242
199
162
124
132
117
130
98
124
95
103
71
407
379
307
235
192
154
121
127
86
101
69
99
67
105
71
441
410
346
274
204
161
124
96
62
76
50
74
49
75
50
60
68
65
59
139
89
59
95
62
73
48
76
51
74
49
38
68
47
36
59
70
47
96
89
73
49
72
49
76
49
37
69
47
35
34
70
49
94
90
72
49
70
47
74
52
37
70
48
37
36
70
48
306
224
151
107
103
68
138
96
189
157
88
187
157
120
85
117
88
72
50
71
50
76
49
40
67
44
164
143
94
64
174
91
142
73
143
75
131
107
54
331
266
224
184
149
112
154
122
135
104
132
125
55
55
87
360
296
229
187
149
112
111
60
59
36
40
35
40
39
36
35
219
177
149
101
72
160
117
131
102
141
75
51
53
79
352
322
225
183
145
109
127
118
133
100
131
99
130
101
473
418
350
275
200
159
123
95
61
79
51
76
50
74
50
40
57
70
74
126
118
89
94
63
74
50
76
50
75
49
36
36
70
47
122
82
54
176
131
139
107
137
105
130
100
449
385
344
270
202
161
123
79
36
73
49
72
48
72
50
90
65
113
72
123
83
55
197
128
147
78
140
111
101
103
447
382
342
266
200
160
122
129
116
158
100
86
53
138
110
409
344
273
231
191
153
119
93
62
55
38
39
40
74
49
40
261
243
191
159
108
81
132
115
136
104
137
107
102
69
478
422
338
239
201
160
123
94
62
38
37
37
36
73
50
36
35
33
140
115
89
63
165
118
131
99
144
75
132
100
149
117
78
194
164
124
88
130
87
103
71
136
103
104
69
206
147
122
230
169
129
91
129
85
102
71
99
68
103
69
186
121
81
235
169
128
90
97
64
76
52
74
49
75
51
93
68
35
40
124
104
59
94
61
70
46
73
48
76
53
72
47
34
37
120
100
57
170
126
139
73
140
73
139
111
443
415
349
306
233
165
124
165
124
162
104
82
56
141
75
161
100
249
214
175
141
103
197
117
106
101
79
55
164
103
51
319
259
218
179
144
106
82
37
74
50
37
39
39
36
37
96
72
163
117
89
62
77
58
68
46
38
37
39
39
37
69
47
163
118
89
63
110
187
153
88
79
78
78
53
54
367
301
226
186
150
112
119
180
152
112
79
132
99
134
96
396
330
258
193
151
113
83
181
121
81
89
99
67
103
70
390
330
287
218
152
112
87
157
151
115
189
123
82
129
96
362
304
261
190
148
111
57
93
69
35
91
67
36
71
47
36
70
72
123
102
57
60
75
50
36
71
49
38
74
50
39
67
47
122
102
57
86
74
69
36
75
50
39
74
50
36
70
48
125
102
57
85
95
71
35
72
49
40
73
48
38
71
47
126
87
59
112
221
157
84
143
112
54
107
108
154
122
82
187
159
83
258
242
201
163
186
156
119
140
98
350
291
219
177
140
105
241
143
100
89
181
149
111
166
105
326
263
222
183
147
110
250
172
129
90
152
242
207
284
247
290
257
220
181
146
111
178
134
95
54
131
73
51
80
50
375
312
233
192
153
116
243
108
93
39
55
37
41
301
167
128
73
142
118
91
64


countEmpty = 5399	countFull = 0
