65
82
37
37
38
56
43
41
57
37
35
36
34
52
31
97
66
56
59
37
62
53
83
74
107
86
71
62
78
52
40
36
34
36
35
66
45
37
122
100
158
115
87
61
90
35
35
38
38
120
98
53
163
114
86
62
36
34
66
43
37
162
115
84
61
125
83
56
69
46
33
37
37
37
67
44
164
116
87
61
123
84
58
68
46
34
37
38
54
123
78
161
113
84
60
123
80
55
68
136
48
37
35
37
36
34
165
117
88
61
119
79
54
67
46
31
36
32
99
139
84
165
114
85
60
126
84
54
71
106
47
35
38
34
38
34
160
111
83
60
124
101
57
125
106
56
93
48
37
131
108
162
114
84
59
124
83
59
121
98
53
70
45
37
94
49
164
116
87
61
120
99
57
119
79
52
68
46
56
73
46
156
112
84
59
124
82
55
117
96
53
67
45
35
67
45
162
115
88
62
124
84
56
118
98
54
71
46
36
133
103
158
113
84
59
125
80
53
120
81
55
71
49
37
69
45
161
113
86
61
120
98
54
120
79
53
75
48
36
124
103
164
119
90
61
123
98
57
122
81
53
68
47
36
36
34
180
135
93
65
121
81
56
119
79
54
70
46
35
34
33
167
118
87
63
171
86
55
122
99
53
70
47
37
35
32
159
113
87
61
119
80
52
121
98
55
69
43
36
103
49
163
116
87
62
123
81
55
117
96
52
67
45
36
68
46
163
116
87
62
120
79
52
73
66
56
68
46
36
88
65
166
117
86
62
122
82
56
100
77
51
69
47
38
67
44
161
117
89
64
120
79
55
118
82
54
66
46
35
68
47
160
115
87
61
125
81
55
217
178
150
94
67
38
69
47
164
117
88
63
119
99
56
205
167
118
91
69
37
67
46
165
115
86
62
123
82
56
220
197
142
95
70
35
68
44
165
118
90
63
118
82
54
218
194
146
120
69
36
66
45
166
116
88
63
174
85
56
212
189
138
111
67
37
69
47
159
112
87
61
123
81
54
209
190
143
114
69
37
68
47
161
114
86
61
104
79
54
211
192
143
97
70
38
69
47
163
116
87
63
121
82
54
207
188
140
113
71
38
69
46
162
114
85
61
101
79
53
209
187
138
96
68
39
66
45
162
116
87
62
117
76
52
204
184
135
110
69
37
69
47
159
112
85
60
171
82
55
242
232
175
156
113
38
69
44
163
115
87
62
121
82
55
99
170
154
91
60
38
68
44
164
117
88
62
125
101
56
188
165
121
96
68
38
68
46
161
116
88
63
120
98
55
210
189
142
96
67
37
67
43
163
117
89
65
187
125
61
211
189
141
97
70
36
68
48
159
113
86
62
36
65
45
207
186
138
111
70
36
70
46
159
112
85
61
192
134
108
205
182
133
90
65
37
68
44
164
116
87
59
122
81
56
208
186
137
94
68
39
68
47
163
115
87
62
169
81
54
208
164
138
93
69
37
68
45
166
117
89
62
123
81
54
210
189
138
95
67
38
67
45
167
118
91
65
168
144
119
255
247
180
162
127
146
60
37
163
114
89
63
69
100
66
68
47
217
191
138
110
82
67
166
116
90
63
187
148
121
69
48
238
216
166
119
92
67
162
118
91
64
69
103
47
67
45
65
209
158
109
81
56
164
116
89
63
193
142
114
71
49
248
227
171
141
91
65
168
114
85
59
115
120
43
71
48
243
219
166
139
93
65
225
183
129
94
359
255
180
139
103
532
517
460
406
383
361
236
163
123
87
305
273
202
137
99
310
241
199
163
129
94
225
159
120
86
368
208
169
132
97
337
272
201
165
127
93
239
169
129
91
298
241
174
133
96
369
310
238
170
131
97
237
160
120
85
376
218
173
132
95
370
307
267
197
135
95
229
161
123
89
53
231
166
126
88
361
325
260
192
132
96
229
158
118
87
58
264
206
132
92
383
324
261
194
132
98
236
162
123
88
54
222
192
122
83
381
325
261
193
134
94
233
163
124
90
59
211
184
119
84
393
334
271
198
135
97
227
161
124
91
54
251
192
127
87
392
333
268
197
135
95
231
167
124
89
57
305
277
206
166
393
335
269
199
136
97
234
164
126
91
54
255
195
129
88
397
339
276
205
137
98
234
165
125
86
56
221
193
126
89
383
327
265
198
134
95
228
161
121
86
53
253
191
128
89
364
307
235
199
133
96
229
161
121
86
58
225
160
122
87
369
307
266
198
135
96
230
163
124
88
53
249
190
128
88
361
326
263
196
133
96
233
164
124
90
57
228
196
126
88
392
331
270
199
136
99
233
167
127
89
53
247
189
125
88
376
320
259
192
131
94
236
163
126
90
58
227
198
127
89
385
327
231
172
132
100
231
164
124
88
53
259
190
128
88
390
334
270
201
137
98
236
167
127
90
56
251
196
128
91
389
331
268
198
133
97
260
194
129
90
54
249
193
129
90
389
330
269
200
137
99
250
219
157
118
56
219
187
119
85
382
324
262
194
132
97
229
195
127
91
54
254
192
127
88
387
330
268
201
133
97
281
215
129
88
58
241
209
128
88
391
331
270
199
133
95
227
165
123
89
53
261
194
128
91
387
330
265
194
132
94
278
238
197
159
57
251
191
125
87
402
344
280
201
132
95
260
192
130
88
53
262
250
184
144
385
327
264
196
133
96
382
407
386
289
132
191
130
91
68
369
310
242
171
133
97
258
224
151
90
52
223
157
119
83
365
302
264
196
135
95
1569
1530
1490
1450
1412
1376
1353
1332
1312
1012
943
882
830
803
781
538
511
473
432
395
358
303
251
199
472
438
312
264
224
101
325
244
178
105
98
67
49
123
55
261
232
196
176
116
92
298
222
212
139
110
200
239
126
83
206
178
156
134
114
92
266
183
141
104
101
68
191
184
148
267
232
196
160
126
91
529
481
441
399
363
284
224
164
139
104
69
578
562
526
491
328
249
179
109
131
102
51
120
57
220
229
195
176
154
134
264
219
182
108
132
103
52
366
276
237
199
176
155
133
114
268
221
182
108
128
96
80
493
461
423
299
270
175
141
117
262
220
181
141
149
113
76
95
102
294
266
194
144
117
95
190
131
103
76
96
71
34
65
44
175
80
67
45
65
45
116
64
69
48
68
45
33
67
46
36
35
90
69
70
46
74
73
67
46
64
44
32
72
47
168
131
160
137
87
61
73
47
67
45
66
62
30
67
48
88
48
157
135
87
61
76
48
67
46
66
65
31
91
69
74
120
160
113
86
59
78
76
70
47
67
65
32
67
47
69
46
153
109
82
58
75
47
66
48
67
47
33
67
45
76
78
154
110
84
60
74
74
67
45
67
46
35
67
45
68
47
155
110
83
58
74
47
68
72
70
66
35
66
44
126
52
156
111
83
60
74
49
66
45
68
64
35
68
47
67
46
155
111
83
59
74
49
67
47
68
64
34
66
45
68
93
220
197
150
70
76
77
67
69
67
62
36
62
42
68
45
120
117
73
32
71
50
66
45
65
45
32
65
42
69
48
225
141
109
65
74
48
65
71
84
62
33
62
42
68
47
38
116
93
53
74
71
69
46
65
64
33
61
42
71
46
229
120
89
63
74
49
67
70
85
65
32
66
45
68
44
35
115
77
52
73
49
64
45
66
46
24
64
42
92
50
40
96
73
49
71
144
81
52
130
142
110
59
42
72
47
37
117
79
54
173
146
90
61
61
40
109
70
44
69
46
53
107
81
53
162
140
93
66
171
138
115
81
66
67
45
35
119
81
53
181
136
92
64
203
158
116
89
65
69
44
70
121
81
54
158
112
85
60
225
158
110
84
61
69
47
35
128
82
54
177
131
87
60
184
161
111
86
65
67
43
37
172
81
55
182
134
89
63
212
165
130
116
100
70
47
36
118
80
54
164
118
90
65
36
145
110
84
59
68
46
38
122
82
56
177
132
88
61
35
158
114
88
61
71
45
35
114
78
54
180
123
92
66
38
154
133
87
58
69
44
34
144
82
57
182
134
91
63
36
147
129
87
61
68
45
35
124
81
56
168
116
87
62
38
153
109
84
58
67
44
36
174
90
58
181
135
89
62
37
155
135
87
61
72
47
36
36
66
45
179
135
89
62
36
156
136
88
61
66
44
33
37
70
46
166
119
89
62
39
152
133
87
60
69
45
37
33
68
46
185
136
93
63
34
187
180
106
79
68
45
36
90
78
49
161
114
88
64
34
149
106
81
57
65
46
37
36
66
44
179
133
89
121
48
150
107
83
59
57
44
34
84
68
96
238
191
148
121
71
150
109
83
58
170
220
49
38
67
44
212
189
136
96
69
150
106
80
57
37
88
49
40
131
58
3514
2537
2492
2460
2435
2410
2393
2378
2363
1639
1607
1590
1457
1244
226
299
243
211
185
160
134
118
102
107
81
56
38
41
34
1802
1771
1720
1696
1552
1420
1112
1086
589
555
540
523
508
52
130
85
56
38
37
94
48
192
147
118
92
68
36
127
81
55
37
36
67
46
203
181
134
91
65
56
119
78
52
36
52
133
56
211
190
141
96
70
37
122
81
55
36
37
37
56
205
184
139
110
69
36
125
83
57
34
38
38
61
210
184
135
90
66
36
1737
1730
1568
1535
1447
1047
942
560
508
488
454
437
43
40
70
48
36
41
92
701
663
616
406
372
53
56
70
113
51
39
36
91
51
72
48
36
39
126
137
45
142
99
70
48
72
47
34
40
70
47
34
88
48
68
45
66
43
36
42
69
44
35
127
107
72
48
67
45
36
41
68
105
48
39
40
70
46
68
47
36
40
1332
1403
1371
825
734
432
405
111
86
60
47
76
51
39
706
595
112
69
52
53
552
469
43
49
90
57
45
42
39
37
38
66
43
36
40
38
38
38
68
45
35
40
36
36
37
70
46
37
47
39
57
39
70
48
36
42
35
37
36
69
48
36
44
489
44
49
666
556
78
60
39
39
39
38
42
37
39
35
34
41
38
37
34
37
40
37
38
38
35
40
39
37
35
34
40
37
38
40
37
41
38
36
36
37
42
39
93
37
35
135
54
53
126
46
57
77
40
72
54
53
60
101
54
58
51
173
83
57
59
53
61
54
58
52
68
56
186
58
78
63
129
179


countEmpty = 4570485	countFull = 0
