300
383
366
349
332
319
304
525
306
532
54
52
31
28
59
362
312
231
194
161
132
96
60
52
59
84
183
126
67
62
36
78
57
99
76
61
47
191
153
129
92
76
64
34
183
133
89
73
58
35
35
35
193
154
129
92
77
65
33
178
134
89
72
58
34
33
33
193
175
128
95
79
66
34
182
136
88
73
57
34
34
35
199
158
110
92
78
66
35
174
129
84
69
55
35
34
35
196
177
131
98
80
65
35
183
137
89
71
57
36
34
33
190
150
127
90
76
64
34
175
132
86
69
56
34
34
35
190
171
124
94
78
63
34
181
133
87
71
57
35
35
35
195
154
108
91
79
65
35
181
136
91
73
59
36
33
33
190
171
125
93
78
64
34
178
132
86
70
56
36
33
33
191
152
109
90
77
64
34
182
134
86
70
57
35
33
34
188
169
125
93
78
64
34
177
129
84
68
55
35
34
33
192
155
108
91
77
63
35
182
137
90
73
58
35
35
33
192
172
127
96
79
66
33
178
134
90
72
57
36
33
34
199
158
110
93
79
67
34
180
136
89
70
56
35
33
33
191
151
127
94
78
66
35
181
136
89
73
58
34
33
36
201
180
127
93
78
65
34
179
133
85
69
56
34
33
32
193
155
131
94
78
65
33
181
137
90
73
59
38
33
34
196
156
131
94
79
64
34
182
136
87
71
58
35
33
34
190
172
126
94
79
63
33
180
135
90
72
59
35
33
33
195
154
109
92
78
65
34
182
133
86
70
54
35
34
33
195
175
128
113
81
66
30
178
134
89
72
58
36
33
36
190
151
107
92
76
64
22
176
134
89
71
58
36
34
32
356
262
224
174
148
129
109
226
161
124
101
82
53
48
50
342
286
187
163
141
123
105
225
161
123
103
82
52
48
48
337
284
186
158
138
119
102
239
159
122
102
82
51
49
49
326
275
181
157
135
119
102
240
156
120
98
80
49
50
51
332
252
182
154
133
116
100
243
158
120
100
82
52
52
51
335
282
184
157
138
119
103
244
159
123
101
82
53
49
50
336
255
184
159
137
121
101
247
189
122
99
83
50
47
49
333
283
183
156
136
118
103
245
160
121
101
81
52
51
49
332
278
181
157
133
116
101
243
187
123
101
83
51
49
49
325
248
178
154
134
117
103
250
190
122
98
81
50
50
49
337
282
185
159
139
121
105
250
192
126
103
83
51
48
51
337
259
186
160
138
121
102
249
192
125
102
83
52
48
50
310
255
181
157
136
120
103
247
162
124
102
83
50
47
49
329
278
181
156
135
119
103
242
186
121
101
81
48
46
50
332
282
183
159
138
122
102
247
159
123
102
82
50
46
49
334
280
183
157
135
117
101
245
158
121
99
81
50
46
50
334
284
185
159
139
122
103
243
187
121
98
81
133
71
48
334
281
184
159
137
120
101
252
166
126
105
84
118
68
52
331
277
179
154
133
117
101
248
160
121
100
80
93
63
50
342
286
187
161
139
122
105
255
196
128
105
86
93
63
51
346
288
224
162
140
120
103
250
190
125
102
84
95
63
51
332
282
182
158
137
120
103
250
167
127
103
84
96
64
50
331
278
180
154
133
117
102
244
188
121
100
83
94
64
52
327
275
178
155
135
119
102
241
187
121
101
81
93
64
50
332
281
185
160
137
121
104
254
189
127
104
83
95
65
53
353
269
188
161
140
121
103
250
193
124
101
82
96
65
52
336
285
218
159
138
119
104
247
189
124
100
81
93
64
50
335
282
183
159
135
118
101
247
189
123
102
83
93
65
51
194
85
167
139
117
129
113
196
143
123
102
82
116
75
59
205
87
274
249
227
169
114
173
146
124
103
82
162
118
76
216
115
153
157
156
235
206
185
163
144
125
105
163
119
79
423
377
338
317
298
278
260
242
224
206
186
168
156
115
77
454
378
337
317
295
276
259
242
224
205
187
168
154
112
73
423
376
336
315
295
276
257
240
220
204
186
168
161
105
68
425
329
288
265
246
224
205
188
167
149
89
54
162
102
64
424
368
325
329
308
290
271
252
234
216
88
57
108
78
57
389
327
290
267
247
227
209
191
174
54
177
182
195
177
158
366
323
289
267
248
227
208
190
171
289
192
152
129
110
93
365
262
222
322
391
370
121
87
66
196
167
145
126
107
87
313
226
159
137
118
98
436
382
345
289
236
182
162
143
125
262
214
166
128
92
75
130
90
66
172
125
108
91
79
65
222
175
130
115
84
69
85
63
41
193
149
124
91
76
64
230
184
133
118
104
91
92
69
44
190
153
135
94
78
65
199
153
109
93
80
68
87
67
42
192
151
108
92
76
63
222
177
129
113
100
87
160
165
143
103
88
96
77
63
49
202
155
108
94
83
71
154
108
84
70
58
126
90
63
50
196
169
127
112
101
88
173
335
302
286
274
154
109
93
79
202
153
107
93
79
67
156
110
86
70
58
116
108
67
51
204
156
129
114
101
88
172
343
303
286
274
181
107
91
77
202
155
109
93
80
69
154
109
84
68
57
130
88
62
49
203
156
108
93
96
86
374
327
248
225
211
163
146
105
89
200
131
105
92
80
67
83
217
257
246
232
113
99
81
66
205
167
118
103
89
96
364
342
292
276
210
155
140
105
91
180
132
108
94
81
69
132
130
260
245
198
142
122
86
71
197
167
127
112
99
87
313
292
270
202
145
127
114
102
88
188
135
108
94
81
68
87
65
42
164
120
102
90
78
65
202
157
110
93
98
87
424
356
303
281
241
225
185
110
90
200
152
109
93
80
67
35
346
339
299
284
209
188
109
92
210
165
112
98
83
71
35
249
265
216
199
185
171
161
148
206
157
110
94
80
68
33
270
223
172
155
121
104
91
79
206
156
110
94
80
68
37
333
290
238
223
133
113
98
84
209
156
111
94
81
69
34
106
68
44
166
122
104
72
57
203
159
108
93
79
67
37
356
288
259
243
204
169
151
137
202
157
110
95
81
68
32
33
217
177
154
113
100
86
73
203
156
111
154
150
138
74
34
413
407
362
325
310
297
284
243
199
154
137
125
113
79
34
195
148
123
108
96
83
71
240
192
148
115
100
87
75
33
208
166
143
111
96
83
71
227
188
131
113
101
88
75
33
215
197
151
134
98
84
72
225
202
152
115
99
86
74
33
219
178
153
113
98
86
73
221
176
126
110
95
84
73
35
217
196
150
113
96
84
74
226
203
155
119
103
89
77
33
215
176
153
113
95
83
72
224
180
131
114
101
89
76
32
210
171
150
112
97
86
74
223
200
152
116
99
87
76
28
217
178
151
111
97
85
71
218
176
126
111
192
188
177
55
225
204
150
112
99
86
74
221
200
151
116
100
140
134
44
216
196
151
112
94
83
70
224
227
177
162
148
135
124
73
217
179
156
116
100
87
75
272
251
202
165
150
137
98
82
218
178
154
113
97
84
72
263
218
173
159
146
109
95
80
222
180
154
113
97
85
71
261
243
195
155
143
110
96
82
219
179
152
113
95
83
73
265
222
196
157
121
105
93
79
223
181
155
115
97
84
71
249
231
186
171
122
106
93
83
222
181
157
116
99
85
74
260
219
194
153
123
107
94
81
217
174
151
112
95
82
70
271
225
201
157
124
108
94
80
222
178
151
111
97
86
72
267
222
174
158
125
109
95
82
225
203
151
113
97
86
74
265
243
200
185
144
111
95
80
218
177
155
114
97
84
72
262
221
176
161
125
108
95
80
223
180
131
113
98
86
74
254
233
188
151
135
107
93
80
221
201
150
133
97
83
72
258
215
170
155
120
105
92
79
218
177
154
114
98
84
72
261
242
195
155
142
110
95
82
218
178
152
112
96
84
72
262
219
174
156
121
104
91
79
219
178
154
114
96
84
73
263
240
194
180
138
107
92
80
219
177
152
112
96
84
72
257
215
170
154
120
105
90
78
218
197
151
135
99
85
74
261
217
169
152
121
108
94
80
218
178
154
114
99
85
73
263
243
197
156
140
109
94
80
227
208
154
116
101
86
75
258
216
172
156
123
106
94
81
226
208
157
115
100
86
73
263
245
198
156
140
108
94
82
239
197
149
133
101
87
73
262
219
193
156
141
109
93
80
216
176
151
112
96
84
72
264
221
195
157
123
106
93
80
220
176
150
112
96
84
73
259
239
194
181
140
110
95
80
227
207
150
113
96
84
73
263
222
174
158
120
104
91
79
220
204
158
117
101
86
74
259
241
195
156
140
110
94
81
220
179
155
114
97
84
72
258
216
171
155
120
105
92
78
218
178
153
113
98
84
71
2554
2395
2362
2347
2333
2321
2309
1421
1390
1375
1359
1345
1331
1317
1303
3008
2950
2924
2820
2798
2784
2020
1966
1948
1932
1836
1814
1799
1774
81
157
86
68
52
114
72
45
97
78
44
161
141
90
72
59
105
71
44
93
57
41
151
110
86
71
57
106
67
43
92
56
42
157
113
88
73
59
107
68
43
72
51
40
2459
2432
2408
2296
2276
1558
1410
1385
1368
1354
1341
632
607
463
443
152
119
93
78
64
49
70
49
160
113
84
70
57
66
79
59
219
158
122
103
83
49
94
66
214
153
118
99
82
823
655
610
855
826
694
663
642
126
83
51
150
99
63
98
67
51
148
97
63
92
63
50
146
95
62
1228
1206
277
184
131
105
78
227
171
102
76
53
868
673
628
607
75
160
105
67
58
147
98
63
51
452
289
245
80
52
56
50
52
52
51
52
166
69
73
53
51
59
65
58
57
57
56
179


countEmpty = 2256307	countFull = 15
