54
42
93
95
34
32
28
27
26
25
27
25
25
27
40
46
76
61
72
165
121
72
152
108
130
74
32
29
27
30
26
34
34
36
27
25
32
27
26
31
32
28
26
27
29
40
35
36
43
42
42
44
36
46
40
43
36
38
37
44
40
39
36
42
43
42
121
43
43
44
43
37
36
36
43
36
35
34
42
44
43
66
40
43
44
44
38
38
37
42
39
36
37
43
44
44
39
37
41
43
41
38
35
39
45
39
38
33
43
41
43
42
36
40
44
45
36
38
34
44
37
36
35
41
41
41
44
37
40
43
44
38
35
37
45
39
38
35
44
41
45
44
40
39
41
44
39
36
35
44
38
37
36
45
41
42
41
38
67
38
46
37
37
36
42
38
42
40
42
38
41
43
36
39
36
46
37
38
37
42
68
40
36
41
39
38
46
41
41
38
43
39
35
36
71
64
40
39
38
39
38
67
65
41
39
49
44
39
83
44
72
66
39
37
39
37
45
64
42
40
49
37
37
39
71
37
40
66
38
38
38
47
65
71
41
50
41
36
37
42
66
38
39
101
41
41
48
39
38
40
49
40
36
37
50
44
68
40
37
41
37
43
114
42
39
47
38
37
35
46
160
42
35
38
41
40
43
38
41
39
48
37
38
65
49
48
40
42
41
39
42
45
62
39
39
49
38
38
34
46
45
40
38
40
41
37
44
42
40
39
50
38
38
36
45
42
39
36
37
38
40
49
39
35
40
49
37
38
37
47
46
37
39
39
36
40
46
39
35
38
48
37
36
38
46
45
40
38
38
35
38
46
38
37
40
47
40
43
39
41
45
39
36
36
34
39
46
117
45
36
45
66
38
39
40
47
40
37
37
36
41
42
37
36
37
145
43
38
36
37
45
40
113
114
39
38
42
38
36
36
48
39
38
37
39
46
39
39
35
35
39
38
38
34
35
50
41
37
38
38
46
40
35
36
35
41
39
39
39
40
45
40
41
38
41
73
65
37
38
40
47
43
37
36
38
78
40
38
37
39
47
39
41
41
39
43
40
36
38
38
75
39
37
36
39
44
40
120
45
38
44
38
37
38
38
65
41
39
41
38
49
46
36
59
48
55
49
49
47
55
261
186
143
102
52
152
111
72
81
53
98
132
75
53
50
225
160
121
51
51
61
107
68
55
49
109
166
162
205
77
242
168
125
52
52
156
153
79
52
53
103
107
73
133
73
209
158
122
103
71
59
106
96
128
72
71
144
77
186
84
223
172
135
100
71
136
108
70
100
68
101
101
71
52
48
253
171
130
102
70
59
103
67
101
67
65
216
283
106
69
221
171
97
99
68
59
111
74
102
70
101
81
52
121
78
1256
1209
1128
1083
205
130
143
79
101
68
102
72
56
103
71
224
176
139
102
114
73
113
110
137
104
138
74
54
100
68
462
249
189
147
102
68
110
71
101
98
100
95
185
119
79
55
56
54
35
73
49
71
48
73
48
73
48
91
67
35
42
39
53
35
40
35
40
35
38
35
39
34
38
52
35
41
36
35
34
56
36
56
35
57
36
57
35
54
52
36
41
35
36
36
37
37
37
37
39
35
39
33
39
35
36
39
37
37
36
37
36
37
37
38
35
38
35
37
37
34
41
36
36
34
38
36
37
36
37
37
39
35
39
36
36
40
38
37
38
38
36
36
36
37
37
39
36
39
34
36
38
37
35
37
39
34
38
35
39
34
39
35
37
36
34
62
54
55
34
39
35
38
34
39
37
37
37
36
36
34
40
33
35
35
39
34
37
35
36
37
37
751
132
78
113
87
60
39
63
62
90
61
110
55
92
51
34
34
38
39
44
36
38
36
36
52
36
36
37
43
61
35
58
39
38
54
54
35
37
38
42
36
38
37
37
37
37
35
37
43
42
34
40
39
37
38
34
37
38
47
45
36
38
39
38
38
36
33
39
39
40
35
38
37
38
35
39
35
36
39
39
34
36
37
36
38
37
36
38
39
39
34
39
37
35
37
33
39
38
38
36
35
36
37
36
35
38
36
37
39
39
36
36
38
37
36
35
37
35
40
41
35
35
39
36
36
35
36
37
39
39
34
38
39
38
34
36
38
39
38
40
35
39
37
37
36
34
39
36
36
40
35
38
37
37
36
33
37
36
37
42
37
37
37
37
36
36
35
37
38
42
36
38
37
37
37
34
36
38
37
41
34
37
37
38
38
35
37
39
38
33
35
37
38
38
37
35
36
37
38
39
25
31
34
38
35
35
35
36
29
42
28
39
26
36
37
34
37
28
31
47
30
30
29
37
36
36
37
29
31
41
30
31
27
28
36
38
35
28
30
39
31
30
29
29
45
54
34
30
30
39
29
30
27
29
39
36
25
30
30
32
30
28
27
30
34
36
29
29
29
36
31
31
27
32
29
46
27
30
31
31
29
29
27
30
28
47
28
29
29
31
30
29
27
32
48
29
46
28
45
45
29
31
26
30
27
28
27
31
31
29
29
29
31
29
27
25
29
30
30
31
26
32
26
28
26
30
32
27
45
27
57
27
28
27
31
33
28
27
30
28
26
31
46
30
29
28
30
30
30
29
32
32
27
31
29
28
29
33
28
27
31
31
30
29
33
32
27
31
31
29
30
32
28
27
30
29
30
29
32
29
29
38
26
37
39
40
38
39
36
38
30
39
40
55
34
37
30
31
38
37
34
37
30
31
38
38
36
29
31
32
30
35
36
29
30
39
31
38
35
30
31
33
30
29
35
29
28
33
30
39
26
29
30
31
32
31
30
30
31
30
29
30
30
28
29
32
30
29
30
28
31
32
32
31
30
30
31
36
29
30
29
28
30
37
32
31
29
28
30
30
30
29
30
28
31
32
34
31
30
30
30
34
29
31
31
28
30
34
30
32
30
29
30
31
31
29
29
29
29
31
30
30
29
29
31
31
32
30
29
30
30
32
28
29
30
28
29
31
31
32
31
28
30
33
32
30
29
31
30
32
30
30
30
29
32
30
33
30
28
29
30
33
30
30
28
30
28
30
31
29
29
27
29
35
30
31
30
29
31
55
44
40
37
41
44
45
45
42
38
41
42
51
43
41
36
42
45
49
47
45
38
44
42
49
44
43
42
48
47
51
45
44
38
42
43
48
44
48
41
41
42
52
44
42
41
38
43
45
44
46
38
37
43
49
46
44
37
38
48
50
43
46
42
39
45
47
43
43
41
40
118
48
44
48
39
38
43
47
43
42
38
37
46
44
42
45
40
37
43
47
42
90
41
42
48
49
43
46
40
38
44
46
43
48
41
108
42
48
43
46
109
40
38
45
44
83
42
36
38
44
65
52
40
38
38
47
43
49
40
39
37
48
45
49
45
37
117
46
44
49
40
40
38
47
48
50
40
37
40
47
41
48
41
37
39
49
46
48
39
35
39
47
45
48
40
36
38
47
46
49
42
37
38
47
43
78
115
117
51
61
38
60
38
65
111
71
133
86
159
137
84
131
83
195
255
183
131
84
111
51
131
88
349
307
138
86
159
134
86
80
132
87
867
131
85
85
125
81
77
88
60
42
38
34
38
51
34
39
39
35
40
38
36
42
40
35
42
38
35
41
39
33
42
37
35
40
38
34
39
38
34
40
36
35
40
37
35
39
38
35
40
37
35
208
40
35
43
37
37
41
39
36
31
37
36
31
30
33
32
36
26
35
38
29
32
36
28
31
32
31
31
29
29
32
29
30
32
30
32
33
29
29
30
30
31
33
30
28
32
32
29
31
29
31
32
30
30
31
31
30
33
30
29
31
31
31
34
31
30
33
30
30
31
30
29
33
29
29
32
31
30
32
31
28
35
30
31
31
31
31
30
29
29
30
29
30
43
33
33
31
35
30
31
28
31
30
32
29
32
30
33
32
32
29
31
29
33
30
31
28
31
32
32
29
33
31
34
47
46
38
34
34
36
37
33
33
35
57
72
47
46
49
91
49
45
48
49
50
49
45
49
45
50
47
48
48
47
49
49
49
47
45
44
44
45
45
43
79
82
87
83
83
78
86
249
72
57
52
39
41
39
38
43
40
37
131


countEmpty = 5400051	countFull = 0
