56
38
74
36
41
41
51
61
36
32
26
39
40
36
44
49
74
69
76
116
65
62
59
60
55
40
63
89
59
62
42
37
38
37
38
37
42
39
35
34
120
81
72
36
66
64
34
37
67
63
36
120
82
57
39
120
79
73
36
121
121
72
35
68
64
34
120
79
54
41
120
81
74
35
121
98
54
36
67
64
34
119
99
57
35
71
49
167
142
93
67
158
116
87
98
67
240
176
133
97
112
76
185
123
82
266
236
167
246
203
161
288
181
134
94
100
69
173
118
80
283
362
292
250
143
100
281
199
131
94
108
74
184
123
83
421
364
270
271
236
197
224
162
125
89
106
72
180
122
82
408
349
287
218
155
116
238
173
131
95
111
75
181
118
77
403
343
255
259
226
190
237
170
128
91
102
71
178
119
82
407
350
269
194
154
116
241
170
129
93
108
74
180
119
81
492
419
377
308
245
204
232
169
131
94
105
73
182
123
82
437
366
301
229
191
116
271
203
137
99
109
73
185
123
82
514
417
376
307
266
127
263
198
134
93
106
74
181
124
84
343
273
299
273
214
94
236
200
132
94
107
74
181
118
80
169
418
293
184
143
104
269
201
135
95
102
70
172
118
79
61
53
253
190
129
91
230
196
131
93
110
73
183
120
81
57
108
200
165
128
93
261
200
134
96
106
73
179
122
82
58
56
230
168
127
90
233
201
132
96
110
74
184
121
79
53
55
299
169
127
91
266
203
137
98
106
72
178
121
80
59
55
236
169
130
92
244
174
132
97
103
70
179
118
79
54
56
235
174
132
94
271
204
136
95
104
72
175
117
80
59
55
260
197
135
96
236
201
130
93
111
75
182
123
81
55
56
258
202
133
94
269
199
133
92
103
70
554
508
469
432
394
322
250
183
142
213
138
96
53
131
85
455
372
298
254
210
173
136
100
67
212
165
126
51
135
86
197
143
107
107
156
121
80
101
68
211
168
98
53
133
85
130
119
143
111
192
126
82
98
68
228
181
142
105
134
89
119
77
106
72
84
139
105
99
69
436
388
247
123
131
88
132
121
102
68
74
133
100
98
66
291
244
200
113
136
82
127
83
107
70
88
104
103
100
68
226
178
140
103
112
72
175
124
135
103
54
139
107
102
68
414
366
235
120
140
87
712
663
622
583
545
241
185
146
489
82
89
66
37
97
62
287
255
227
199
127
86
57
80
54
368
336
246
95
83
53
197
102
72
98
54
37
38
74
49
109
80
36
37
75
52
42
70
49
71
50
52
35
69
48
36
34
35
36
69
48
38
73
48
69
47
35
35
70
48
53
52
60
34
70
49
38
72
48
68
46
35
35
70
47
39
35
35
36
73
49
39
126
52
69
45
35
33
70
47
40
34
35
35
71
50
38
103
77
125
104
57
34
70
47
38
35
33
35
69
46
36
97
73
120
99
73
34
68
47
37
34
34
31
67
48
39
76
73
115
95
72
35
66
46
37
51
36
33
72
49
37
71
47
142
97
71
123
80
52
38
34
34
32
68
49
38
111
50
117
99
74
100
82
54
39
33
53
34
69
47
38
136
73
101
100
77
102
80
55
38
34
33
34
68
48
38
72
71
118
102
77
118
79
52
38
35
33
32
70
48
39
74
72
115
100
76
120
79
53
37
35
49
31
70
49
36
76
73
114
97
75
118
80
53
36
50
49
33
70
48
37
74
71
117
102
78
100
79
55
41
37
36
34
68
47
40
97
73
99
98
75
101
78
53
38
33
36
33
71
49
37
74
71
101
102
77
99
78
51
38
33
33
34
68
46
38
73
71
101
104
79
116
79
53
37
35
35
34
68
48
37
71
48
117
79
52
115
78
52
35
36
34
32
69
47
36
98
76
99
100
78
98
77
53
41
34
34
33
70
48
36
554
293
269
216
170
141
118
90
40
34
34
33
69
48
36
336
293
266
218
192
142
117
91
37
33
33
33
69
49
37
342
305
279
236
190
143
117
91
38
32
32
34
69
49
36
328
306
258
233
188
162
117
91
37
52
50
33
69
47
37
337
289
262
215
189
142
115
89
40
34
33
33
70
49
37
336
288
262
214
187
141
115
90
36
35
34
32
71
49
36
336
313
264
219
193
169
120
92
37
34
33
33
67
47
37
335
313
262
216
189
143
117
91
37
50
52
33
69
48
36
328
288
239
212
168
140
115
91
39
34
33
34
70
47
35
335
290
264
218
193
143
118
94
38
36
34
33
71
49
37
334
291
262
237
190
144
118
92
37
35
34
34
69
47
37
384
316
261
232
185
143
116
89
39
34
34
33
68
47
38
342
296
267
219
193
144
117
92
38
33
51
33
70
49
36
327
285
259
235
189
144
117
91
38
33
52
33
70
49
36
335
290
264
218
190
142
116
89
38
51
50
33
72
50
36
342
299
270
223
195
145
119
91
38
34
35
34
69
49
37
336
292
245
219
170
143
118
92
38
33
34
32
71
48
35
151
108
84
186
147
119
95
68
37
31
36
34
71
48
37
105
105
81
202
162
120
93
68
56
89
49
37
71
49
37
116
103
79
207
188
140
97
68
39
65
46
37
69
48
37
131
107
82
211
169
122
96
68
58
63
45
32
70
46
3923
1365
1314
1283
1257
1227
1199
1173
1147
47
68
47
36
70
48
346
300
252
198
170
142
118
91
39
69
111
50
70
47
358
338
295
239
189
144
117
95
38
84
62
34
73
51
92
71
246
201
152
126
100
76
40
69
107
47
72
49
72
50
245
225
178
130
103
77
38
70
98
49
71
48
75
50
249
228
177
151
103
74
38
107
117
45
69
47
72
49
265
223
198
152
107
78
257
140
112
67
75
52
72
50
243
225
177
150
102
76
159
136
88
63
69
47
77
77
253
208
181
135
106
78
155
135
84
61
74
52
74
50
263
221
199
152
107
77
159
116
88
62
69
87
1644
1634
1462
1429
1378
1181
857
814
166
115
87
62
77
52
39
129
82
54
38
71
47
156
114
87
61
71
51
42
117
80
55
37
68
46
651
520
488
84
88
57
57
129
85
58
40
73
50
76
51
496
82
52
58
130
108
60
39
72
48
78
52
76
103
45
122
102
58
37
69
49
71
49
71
49
238
141
113
70
38
69
48
69
48
71
97
160
135
89
63
38
70
47
73
50
72
49
167
118
90
65
37
74
51
70
47
71
49
171
121
93
69
37
73
50
71
50
72
49
165
136
111
86
103
73
49
72
49
70
48
187
139
96
69
36
74
50
74
51
72
48
155
134
108
83
35
73
50
71
49
91
50
1234
1103
1052
980
877
818
789
93
60
540
436
96
61
61
70
48
571
556
59
84
54
38
72
47
43
38
75
50
182
87
59
39
38
734
719
541
490
462
59
40
73
294
244
102
55
82
63
56
81
50
59
54
58
53
51
50
54
79
59
56
49
51
56
56
61
53
52
48
170
79
244
137
74
52
82
143
108
53
58
83
78
48
180
243
107
68
133
86
64
49
88
52
206
55
81
62
60
63
59
77
60
62
60
59
58
44
46
48
43
43


countEmpty = 5203105	countFull = 0
