64
84
61
55
43
33
33
32
33
49
28
27
30
47
45
87
64
40
59
84
80
59
51
52
85
47
57
56
53
53
40
39
39
38
38
34
33
72
49
69
48
161
136
86
64
38
33
35
35
38
34
34
69
49
64
45
157
134
88
62
38
38
32
36
37
33
35
72
50
67
46
161
137
87
63
40
35
34
33
35
33
34
69
48
67
47
158
140
92
64
37
37
34
35
37
35
35
72
46
68
48
155
133
85
61
39
37
32
35
38
34
36
71
47
66
47
159
136
88
64
39
36
35
36
39
35
35
68
47
67
47
154
134
88
62
41
36
36
35
36
36
34
72
49
68
44
158
135
87
62
37
36
34
35
37
36
32
70
48
67
46
160
139
89
63
38
36
34
34
37
33
36
71
48
67
47
157
135
88
61
40
37
34
33
38
37
33
72
50
66
46
162
139
90
63
39
37
35
32
34
34
36
70
48
69
48
158
137
88
62
40
37
38
34
37
33
35
71
49
68
47
157
135
86
60
38
36
34
36
34
34
34
69
47
66
46
153
131
87
61
39
37
35
35
34
35
32
73
49
70
49
158
137
87
61
40
34
35
34
36
36
35
73
49
66
46
157
137
89
63
37
39
34
36
37
36
36
72
48
67
45
155
133
86
61
44
38
34
35
37
37
33
75
50
69
45
163
118
89
64
40
35
34
33
35
35
34
69
47
65
44
156
136
90
63
37
36
36
34
38
35
35
71
49
69
47
160
141
91
62
39
38
33
35
37
33
35
70
48
69
46
159
139
92
65
38
36
35
34
36
35
33
70
50
69
45
159
136
86
61
41
36
35
33
36
33
37
71
48
71
51
159
136
88
63
39
36
33
35
40
34
32
68
46
69
47
160
138
89
63
37
96
51
34
36
35
37
69
45
68
48
165
139
88
64
38
89
51
57
36
32
36
338
275
237
171
135
211
130
87
59
114
77
582
513
471
406
341
276
209
157
132
198
127
87
56
3739
3715
484
408
365
324
286
249
211
187
167
281
264
129
156
119
81
577
394
344
306
265
142
153
122
83
335
285
245
202
164
128
240
172
130
53
136
79
102
70
51
329
283
244
205
165
130
244
165
149
90
140
76
101
69
50
326
281
242
203
164
127
207
161
119
128
98
54
130
71
50
330
287
245
204
166
131
581
527
487
445
409
369
235
188
147
397
317
277
237
197
161
577
256
199
157
120
198
166
126
91
358
281
242
203
164
130
212
110
171
104
53
100
67
97
69
341
291
250
209
170
132
189
116
81
89
193
125
83
103
71
520
374
333
212
166
128
133
114
83
79
189
157
119
103
69
543
490
450
411
370
169
123
84
80
49
97
74
38
76
51
169
120
73
36
71
49
78
54
40
39
72
48
38
68
47
44
36
67
47
37
34
74
49
38
36
69
48
37
67
46
42
33
67
46
53
35
71
49
35
36
73
50
39
70
48
43
35
67
48
35
35
76
53
37
38
70
51
38
71
48
45
35
66
48
35
33
73
50
37
35
71
47
36
73
48
44
36
65
46
36
36
80
53
35
37
70
46
36
71
48
43
36
67
47
35
35
72
49
33
37
69
47
38
69
47
43
34
67
45
32
36
132
106
79
36
71
47
36
72
51
41
35
65
45
34
32
125
83
79
36
72
50
34
70
46
42
33
67
45
34
35
128
106
80
35
71
49
33
72
48
41
37
66
46
35
37
127
86
79
37
69
49
35
72
50
39
36
65
47
33
35
159
137
111
68
69
64
34
71
48
43
35
66
46
35
35
170
124
94
69
71
65
34
75
50
44
33
67
47
35
34
162
138
114
89
125
105
55
75
51
45
56
68
68
53
33
161
139
115
91
124
82
55
72
49
42
35
66
47
36
35
169
121
91
91
122
82
55
73
50
42
34
68
45
35
34
155
135
90
64
121
83
55
66
47
40
36
67
48
35
36
163
115
91
66
123
108
84
70
48
42
32
68
47
36
34
163
119
89
65
123
84
82
68
48
40
37
66
46
35
34
164
141
115
90
194
172
147
98
70
45
34
69
66
34
35
162
118
89
91
208
166
138
96
71
42
34
66
46
35
34
160
116
110
86
186
166
118
91
68
41
34
68
68
52
34
163
117
89
65
215
194
144
99
73
41
33
66
46
33
34
165
117
109
86
194
174
125
97
72
62
158
156
134
88
36
164
117
90
67
210
167
122
96
70
43
162
142
90
65
35
212
135
109
85
196
150
122
95
72
42
161
139
90
64
35
162
118
91
66
212
171
122
95
70
43
163
142
92
64
37
160
140
117
92
211
169
124
98
72
46
172
132
90
82
35
162
119
90
94
214
169
122
95
71
42
161
139
90
65
34
160
117
112
87
195
174
125
97
72
43
159
210
164
138
38
159
118
92
92
209
165
140
97
70
42
177
136
93
65
34
159
114
86
82
187
169
121
93
70
42
162
115
89
65
36
161
119
90
66
210
192
144
100
73
42
158
114
107
85
36
166
139
115
89
215
168
123
96
69
43
163
135
109
85
35
163
118
88
91
209
166
121
96
70
43
163
137
112
87
33
166
137
111
85
190
169
120
93
69
43
57
214
141
92
65
163
117
88
64
210
169
121
93
69
42
38
37
120
81
55
213
141
113
90
210
165
123
95
71
42
36
39
113
79
53
159
116
89
63
210
166
140
96
73
41
37
37
120
82
56
259
237
209
203
155
127
100
78
52
75
36
62
118
80
55
255
212
186
137
109
110
116
79
53
42
34
38
124
84
58
253
208
157
155
130
107
100
80
55
131
55
37
182
122
60
254
232
182
132
252
235
133
88
61
58
50
33
37
68
46
387
344
293
264
240
216
167
121
95
60
38
132
89
61
33
387
342
315
267
241
190
149
118
92
43
36
122
86
78
33
404
365
318
290
243
217
167
122
96
93
52
104
101
77
34
384
364
315
266
216
189
142
115
92
78
51
124
82
58
34
412
362
335
290
242
215
166
123
96
76
50
122
101
57
36
377
340
315
268
242
193
148
119
93
78
50
123
104
61
38
442
346
291
263
217
172
146
118
93
94
53
176
91
60
35
369
347
299
273
223
198
145
119
93
75
49
37
68
47
39
384
337
309
260
234
190
144
117
93
125
113
53
70
50
35
381
337
309
263
236
189
146
119
91
136
111
59
69
48
37
392
346
298
272
247
201
149
120
95
177
91
62
71
50
35
385
338
313
265
238
190
147
122
95
129
86
60
70
48
35
396
347
321
270
241
193
148
120
92
278
190
158
102
74
35
378
335
307
260
233
187
161
118
91
41
157
138
91
65
39
387
341
313
265
238
212
164
122
95
280
234
208
108
75
36
381
362
321
274
248
192
144
120
94
112
70
102
83
57
39
428
338
285
260
211
167
143
118
94
282
211
149
104
77
38
375
352
301
253
224
171
142
118
92
59
173
135
110
64
37
437
396
348
322
214
169
143
119
94
42
219
124
93
65
41
124
101
60
245
224
176
129
103
78
40
33
121
82
57
37
127
104
58
263
222
198
149
106
79
43
32
108
85
59
38
126
84
58
170
138
123
111
97
85
42
34
121
80
55
39
192
151
126
228
181
152
126
102
78
100
51
103
81
57
38
131
108
60
263
221
171
130
103
79
95
54
122
84
56
37
127
84
59
255
231
180
133
106
81
81
53
188
164
113
33
236
102
69
273
228
201
149
107
80
75
52
71
67
34
39
171
122
61
256
233
183
160
109
82
97
55
177
155
62
79
114
89
62
464
346
240
195
156
119
108
75
199
150
113
51
163
122
82
51
53
99
174
114
83
133
77
317
155
113
52
188
236
319
84
24
119
110
91
75
104
70
174
112
105
51
152
118
82
75
55
228
167
128
92
136
76
318
286
191
99
183
126
86
52
53
273
206
165
100
113
76
104
68
100
69
185
228
201
89
55
258
196
156
96
106
71
206
175
102
68
176
256
233
91
55
266
238
165
100
108
73
99
66
102
68
187
281
263
101
29
262
200
160
96
107
72
107
69
102
70
173
120
186
75
56
274
243
173
100
110
73
101
67
103
69
270
210
172
98
53
291
234
137
95
110
75
148
145
179
162
265
207
139
99
57
162
315
124
85
108
72
102
71
103
70
258
198
129
91
53
100
69
102
69
103
73
172
143
106
70
258
197
132
96
56
104
71
102
72
103
70
98
67
103
70
268
205
139
96
49
99
70
104
70
109
75
105
71
105
74
248
175
132
92
53
105
71
103
67
109
73
104
71
98
69
271
205
137
191
74
101
69
104
71
107
73
151
147
103
70
256
198
226
198
86
101
68
98
68
108
73
105
70
105
71
346
283
215
173
111
98
67
104
72
103
70
106
143
103
69
309
276
203
141
102
106
70
104
73
109
72
102
71
105
73
326
256
182
145
107
106
68
104
71
108
72
106
72
112
74
317
282
209
148
107
104
72
106
71
110
75
102
70
101
71
314
250
212
142
102
102
70
102
70
106
72
107
142
105
71
323
253
212
148
110
105
72
104
71
107
72
102
68
101
69
340
281
210
146
107
102
69
102
73
110
77
153
150
107
73
318
254
214
143
103
103
71
104
71
110
74
105
72
103
71
314
283
207
143
103
105
71
104
72
105
72
106
72
190
75
326
271
202
140
103
101
68
102
69
107
72
100
70
101
70
313
251
210
140
105
104
73
103
72
5077
5054
3635
3561
1775
1708
1667
1626
1588
349
307
281
258
236
216
65
103
70
318
246
184
143
105
357
262
223
185
151
116
513
473
431
297
220
184
142
108
369
302
262
196
158
123
188
139
100
246
180
139
101
50
191
121
105
71
97
68
182
137
98
228
220
155
54
138
157
116
145
76
99
70
183
135
96
171
174
135
102
73
126
81
142
111
102
69
212
141
100
244
142
94
114
74
155
112
140
108
102
70
187
139
99
202
132
91
114
76
703
321
252
209
170
130
203
135
97
174
132
216
196
81
76
229
163
90
105
71
184
135
96
177
133
128
105
73
71
92
137
107
105
70
1271
421
347
303
261
226
188
152
65
55
104
72
100
69
81
186
144
147
115
255
224
98
80
84
100
65
98
68
59
71
35
76
52
75
72
37
43
38
74
50
72
49
56
39
35
71
48
149
77
43
37
39
72
49
70
47
43
37
35
71
48
37
34
39
36
36
70
48
70
49
43
38
35
69
47
38
36
41
104
37
71
49
69
48
45
40
34
70
48
39
34
37
38
37
68
47
69
48
39
1599
504
459
430
318
281
252
202
173
157
143
126
37
59
129
111
84
59
248
206
176
149
123
98
37
35
42
204
141
116
69
261
217
167
140
97
90
38
38
43
160
138
89
62
252
231
182
153
104
79
37
35
40
180
135
92
67
237
219
172
144
99
71
37
35
41
161
137
90
63
241
222
172
147
99
71
37
35
43
180
136
92
84
257
217
169
124
96
93
54
35
46
159
137
88
64
253
235
184
155
126
102
51
37
42
250
207
121
115
260
214
168
140
115
89
60
38
47
74
47
69
47
57
206
188
145
119
92
64
43
45
73
48
97
72
63
215
195
148
122
96
539
528
57
70
48
73
51
36
215
174
147
98
88
37
43
73
50
74
69
35
211
192
142
118
91
35
77
455
343
247
214
105
309
264
209
181
156
120
59
65
71
49
35
1133
1097
1048
1022
979
863
189
84
93
53
36
93
72
71
48
44
38
37
68
49
57
67
45
43
35
37
36
36
58
36
34
42
37
115
75
37
85
69
33
45
35
38
35
38
34
50
34
137
54
42
35
84
66
35
31
42
122
39
35
34
35
40
35
61
78
72
72
50
54
36
45
37
31
37
34
38
34
45
166
58
86
48
35
36
62
62
69
47
52
36
87
41
65
46
56
38
40
37
126
37
37
34
83
42
39
52
37
46
38
162
72
47
64
43
75
51
43
38
131
37
60
42
38
46
38
39
91
42
36
40
40
36
193
98
39
45
37
39
43
128
49
142
54
56
41
42
41
42
43
41
41
40
43
42
40
39
40
40
132


countEmpty = 5216020	countFull = 0
