7155
6297
5504
5151
5123
5092
5105
4287
4094
2954
2919
2838
513
479
57
123
104
90
286
192
150
101
55
85
231
145
91
167
86
82
57
49
49
205
147
101
74
51
51
162
89
62
108
53
55
53
49
54
214
150
99
73
53
50
148
86
62
89
303
258
244
206
189
149
135
122
110
97
153
106
87
72
59
311
264
247
206
188
151
133
120
107
92
154
105
86
72
59
335
289
251
78
220
178
161
120
103
88
74
240
191
173
137
119
105
93
78
220
177
161
120
102
88
72
246
222
176
137
118
105
92
78
221
179
161
122
102
88
73
239
190
151
135
118
105
95
82
221
178
159
120
101
87
74
245
221
177
136
120
105
92
79
212
171
155
117
100
86
72
281
191
146
132
492
447
430
416
374
358
345
306
293
257
242
194
160
144
131
497
452
435
399
382
342
326
290
272
257
218
180
163
149
134
508
460
419
399
385
343
326
288
274
231
197
179
164
149
137
509
458
440
424
387
368
327
310
272
230
212
179
162
148
134
501
457
442
404
175
148
125
104
51
313
282
230
175
148
124
105
350
277
221
198
143
123
103
49
338
285
232
176
148
126
106
337
282
227
201
146
126
107
52
329
275
225
171
146
124
104
345
312
260
204
149
126
106
51
345
287
234
177
151
130
109
346
314
260
206
151
129
106
52
369
293
238
182
154
132
109
359
281
226
174
147
124
104
51
346
289
265
210
153
128
107
341
308
259
207
150
127
106
53
341
286
231
177
150
127
106
341
307
226
202
147
125
103
52
335
280
256
205
152
126
104
343
309
257
204
149
125
104
57
329
264
238
175
153
129
110
349
285
258
201
149
127
107
52
320
291
236
180
153
130
111
354
290
263
210
179
158
138
55
344
288
233
175
149
127
106
371
289
234
175
146
127
107
52
344
287
230
172
147
127
107
397
314
258
201
172
152
132
58
275
228
205
184
162
142
122
273
169
141
119
97
83
49
76
279
232
206
182
162
141
120
288
231
207
183
162
141
121
66
307
232
209
187
167
144
124
279
232
210
186
167
144
125
63
275
230
204
183
160
141
120
318
269
245
219
199
175
156
133
282
234
207
184
163
141
121
446
402
376
354
288
261
238
218
289
238
212
188
166
143
122
295
230
206
182
163
140
120
48
284
236
209
189
166
144
124
437
362
335
312
210
178
154
132
298
235
206
186
165
143
122
519
471
273
225
199
175
156
133
271
226
203
183
161
140
120
158
139
218
184
158
135
113
94
328
284
259
239
178
150
128
118
70
288
187
160
135
115
96
282
235
210
188
168
144
124
108
69
315
221
166
138
114
92
482
313
250
182
155
131
111
88
51
297
246
192
137
112
94
56
33
179
131
114
77
60
66
38
57
171
126
108
74
56
42
35
171
124
90
72
57
62
36
33
166
122
107
74
59
44
33
157
107
89
74
58
66
39
36
178
136
120
80
61
43
31
128
136
143
130
117
62
38
35
161
120
104
89
57
83
40
154
106
88
72
59
62
38
34
251
240
205
173
159
79
39
129
104
89
74
60
62
36
35
140
103
87
71
57
64
38
150
107
89
73
59
64
39
36
150
107
88
72
58
82
56
127
102
86
72
59
62
37
33
152
107
89
71
58
65
39
151
104
89
72
58
62
38
33
154
131
86
70
57
69
41
216
165
96
77
60
60
35
34
153
133
89
72
57
64
37
37
131
113
71
53
63
38
28
152
134
89
71
58
62
37
226
110
89
72
59
111
85
49
153
105
87
71
57
64
37
35
125
83
65
48
107
64
46
154
106
87
72
57
65
39
35
108
84
67
51
104
64
44
152
106
87
71
57
63
38
35
123
85
65
50
105
63
45
150
130
87
71
56
64
40
37
165
142
126
110
103
61
44
152
105
86
70
56
64
38
33
123
100
68
50
85
61
47
153
106
86
70
57
64
40
53
109
85
66
51
82
56
42
152
105
87
70
56
61
36
35
123
83
64
50
79
56
42
149
105
88
71
58
60
35
35
125
81
64
48
78
55
41
148
103
85
70
57
60
38
34
124
81
64
49
80
56
41
151
132
88
72
57
64
40
33
124
82
65
50
84
59
43
155
107
87
70
57
62
35
37
127
84
65
49
81
57
42
150
130
87
72
58
62
37
35
125
82
65
48
79
56
43
151
105
86
71
58
60
35
34
126
83
66
51
78
56
41
149
104
86
70
56
59
33
36
125
84
65
50
79
57
40
151
105
87
71
56
58
35
34
122
80
63
49
80
58
42
153
107
87
74
57
62
36
34
129
86
66
49
80
57
42
154
108
88
71
58
61
36
35
128
84
66
51
77
56
42
149
104
86
69
55
60
34
53
126
84
67
51
78
56
42
145
103
85
71
57
62
36
27
126
82
67
50
78
57
41
149
105
86
70
58
103
81
47
129
81
66
51
83
59
42
151
106
87
72
58
84
59
44
126
81
66
51
79
56
40
151
104
85
72
56
85
59
44
127
85
66
51
82
59
42
151
105
86
71
56
84
59
46
125
82
67
51
77
55
41
146
103
85
70
57
84
59
45
126
82
65
48
79
55
43
149
105
86
69
56
81
58
43
122
81
64
49
77
55
41
149
103
86
71
59
84
59
44
129
87
67
52
81
57
41
150
104
85
70
56
85
59
46
126
83
66
50
81
56
43
150
106
87
72
58
80
59
45
123
81
63
47
78
55
40
145
102
84
69
55
83
59
44
126
83
66
51
79
55
40
151
131
88
72
57
80
58
43
122
80
63
49
84
58
108
124
97
82
68
57
89
62
48
127
81
64
49
82
58
42
148
105
87
71
57
83
58
42
126
83
65
50
80
57
41
149
103
86
71
58
84
60
46
127
84
66
50
79
55
41
147
103
86
70
58
84
59
45
123
82
64
50
79
57
43
150
105
85
70
57
83
60
44
125
84
67
51
78
55
41
149
104
87
69
56
82
58
43
122
82
64
47
77
53
41
147
102
85
70
58
81
207
197
133
116
77
61
82
57
43
144
128
86
66
52
220
199
160
143
107
91
73
78
231
218
166
148
99
81
67
221
175
135
116
103
88
73
246
224
187
170
156
112
93
80
215
170
154
116
101
86
73
243
199
182
167
127
109
93
80
227
177
159
120
104
90
76
261
220
202
161
142
110
91
79
225
203
163
123
106
90
76
264
221
203
189
148
130
93
79
223
180
165
122
105
89
75
252
211
194
160
143
109
93
80
220
195
152
120
102
87
73
261
218
202
164
128
109
94
82
221
174
156
118
101
85
72
260
220
204
165
148
114
97
83
224
180
163
119
103
89
75
260
217
199
166
148
111
93
82
234
178
137
120
105
91
75
264
223
204
168
149
111
93
79
229
208
161
143
105
89
74
253
213
196
161
144
109
92
78
225
182
165
124
106
90
76
261
217
201
164
127
109
94
79
217
178
162
124
105
89
74
263
240
202
186
144
126
93
79
227
177
160
127
109
93
77
264
219
201
167
149
112
94
81
234
187
170
127
110
94
79
267
225
206
167
150
112
94
81
225
201
160
143
106
91
74
264
240
203
188
143
125
92
78
223
179
162
119
103
90
75
262
219
201
165
150
112
96
80
217
174
156
118
103
88
75
254
215
198
163
145
110
92
79
232
212
163
123
105
88
74
260
218
201
164
148
109
94
82
222
178
160
121
104
89
74
261
217
201
161
145
109
93
78
222
177
159
117
101
87
72
264
223
206
193
149
130
95
80
220
173
158
116
102
86
73
262
222
203
166
147
113
94
80
320
222
197
174
155
135
115
374
281
223
197
174
154
132
113
323
222
195
170
151
130
110
399
345
290
203
177
154
134
115
347
257
197
169
150
129
110
419
345
316
263
184
158
136
114
345
315
259
180
153
128
107
419
386
334
288
229
161
134
116
349
291
236
181
152
130
108
184
336
311
291
207
147
121
101
339
310
264
211
159
133
110
415
336
310
292
241
188
138
116
359
279
225
176
149
126
105
398
339
284
264
216
160
135
117
350
292
237
178
152
129
109
375
317
264
238
181
155
133
116
345
291
265
214
158
131
110
375
314
287
237
182
156
133
115
353
290
267
211
160
132
111
392
332
287
267
214
160
136
118
368
304
257
204
156
131
108
400
346
298
247
185
158
134
116
370
290
233
179
153
132
109
400
342
296
272
211
157
133
113
346
286
232
178
152
128
110
383
350
297
277
218
191
137
117
358
292
269
210
161
136
115
426
339
287
234
184
158
136
117
358
295
275
218
163
136
113
409
330
272
248
188
161
139
119
358
281
257
175
150
128
108
393
314
288
269
212
158
134
117
375
285
260
201
153
129
110
409
346
297
241
185
158
138
118
359
295
273
217
156
132
111
402
345
297
240
184
157
136
116
348
292
236
179
156
133
112
429
345
297
240
185
159
136
118
360
298
235
183
157
133
113
420
341
291
271
218
163
137
120
369
288
236
210
156
132
110
403
319
293
271
217
163
138
118
353
293
237
181
155
131
112
425
331
273
247
189
160
137
118
350
294
240
181
156
132
111
389
325
298
246
191
163
139
119
374
292
237
181
155
132
110
406
345
297
244
189
160
138
118
378
293
239
183
157
132
111
409
347
297
242
186
158
136
116
371
286
233
178
153
130
110
410
347
326
274
215
160
136
114
349
295
239
180
155
133
111
423
344
293
240
191
163
140
118
336
268
244
186
157
134
112
399
369
319
272
219
164
141
118
279
233
209
186
163
143
121
267
169
117
89
146
113
89
67
528
449
387
360
337
311
291
266
246
224
205
263
158
103
76
426
327
299
276
254
233
214
221
204
215
181
158
134
114
92
618
477
448
422
399
281
306
270
247
225
204
184
164
143
123
528
422
398
373
353
330
310
288
268
246
226
203
184
122
86
455
365
305
280
259
239
219
199
178
210
176
155
132
110
93
484
413
388
366
345
322
303
243
174
260
228
208
225
200
176
360
267
213
161
135
111
394
341
282
233
208
186
164
145
125
291
251
227
207
212
255
514
373
344
320
229
196
170
148
213
246
200
176
155
131
111
263
219
195
139
284
254
233
123
89
306
237
214
297
250
281
490
457
434
373
321
297
180
151
128
293
227
167
142
120
100
704
654
598
547
520
501
191
157
135
95
67
102
78
63
85
66
58
120
98
64
98
107
63
45
66
39
128
85
67
52
60
35
128
82
66
50
110
65
49
66
40
144
86
68
53
64
191
135
117
78
60
81
57
44
62
38
120
80
65
51
195
175
133
116
79
64
81
56
41
63
37
151
88
68
53
260
212
196
158
86
67
83
59
45
64
37
135
84
67
51
130
108
66
129
58
42
81
59
44
64
39
144
100
85
69
194
150
134
120
82
67
82
58
44
58
37
132
84
67
51
190
146
130
96
79
63
82
60
45
58
37
125
81
66
52
198
150
133
95
78
64
81
58
43
61
34
126
84
67
51
189
149
132
98
80
65
82
57
42
60
36
125
81
65
49
190
148
132
95
78
63
84
59
43
63
38
127
82
66
51
192
150
134
97
79
64
81
57
42
60
38
125
84
65
51
191
150
132
96
79
64
88
61
44
57
35
125
82
65
50
191
146
128
93
78
62
82
58
43
58
35
127
82
66
49
192
148
131
96
78
62
202
81
60
60
36
128
83
67
53
195
151
134
97
80
64
86
60
45
59
36
126
84
66
51
195
151
133
95
79
65
83
58
43
59
37
129
85
68
52
197
153
135
96
79
65
83
58
44
56
36
123
81
65
51
193
174
131
114
83
64
82
57
43
58
35
127
83
66
51
188
143
129
93
77
64
85
59
44
60
35
123
83
66
52
194
150
134
96
78
64
86
60
44
63
39
122
81
64
49
196
152
135
98
81
65
83
59
44
57
36
124
81
65
50
191
147
132
96
78
64
87
59
44
57
36
113
98
61
44
190
147
131
94
77
64
86
59
44
120
232
112
91
78
60
193
149
133
97
80
65
86
59
43
59
37
123
82
65
50
192
150
132
96
78
63
84
58
43
59
35
129
87
67
51
194
150
134
99
80
66
87
59
45
59
37
129
84
65
51
194
150
134
99
82
65
83
58
42
58
35
126
82
64
49
188
145
129
95
77
64
85
57
43
59
37
128
84
67
49
196
153
135
99
80
65
81
57
41
58
38
126
83
64
49
191
146
130
95
78
64
86
60
43
61
38
123
84
65
50
194
149
133
98
80
64
87
60
44
59
36
126
82
64
49
194
149
133
95
79
62
86
60
43
57
34
169
156
142
133
188
145
130
96
79
66
84
58
46
60
38
105
81
64
50
194
150
132
94
77
63
84
59
44
61
38
121
81
64
51
199
174
130
112
80
65
88
61
45
60
38
128
84
66
52
191
170
131
94
79
65
85
58
42
60
37
127
87
67
51
192
151
133
97
80
65
84
57
43
55
35
126
83
65
50
188
144
129
94
77
63
81
57
42
58
36
126
81
64
51
190
147
131
96
80
64
81
58
45
58
37
126
85
65
50
192
149
134
96
80
66
85
60
44
62
40
125
82
64
50
194
153
134
98
80
66
86
60
44
60
38
126
82
66
51
192
150
132
97
78
64
88
60
44
58
35
127
85
67
51
185
143
128
94
78
63
83
57
42
58
37
128
85
66
51
193
150
134
94
77
66
125
61
44
59
35
128
85
65
52
195
151
134
97
80
66
125
62
45
59
37
126
82
65
49
193
150
132
97
79
64
86
58
43
59
37
128
82
66
49
193
151
133
99
81
65
82
58
43
56
35
124
80
63
48
183
141
127
93
78
63
120
58
42
58
35
127
85
66
51
195
152
135
95
79
65
85
59
44
58
36
122
81
64
50
192
151
132
97
78
64
90
60
42
62
37
127
83
65
51
192
149
131
95
79
64
128
60
43
60
38
129
83
66
51
191
147
131
95
80
63
83
60
45
56
37
126
81
64
49
185
143
127
92
77
62
121
59
43
57
37
126
83
65
51
193
151
133
96
79
66
86
59
44
58
37
126
82
65
50
201
179
132
97
78
64
87
59
45
59
35
127
84
66
51
191
169
131
117
81
65
80
56
45
61
39
128
83
66
51
197
153
135
97
79
65
81
58
43
57
37
128
86
68
51
189
146
130
94
79
64
80
57
43
58
37
125
82
65
51
194
148
134
95
77
63
81
58
42
58
35
122
79
64
50
187
142
125
95
78
64
79
55
40
61
37
125
81
65
52
195
150
135
95
79
63
84
57
45
60
37
128
85
68
52
192
150
134
97
79
66
85
59
43
58
37
125
83
66
50
193
148
131
96
77
64
82
57
41
58
36
127
83
66
51
193
151
134
99
82
65
87
60
44
58
36
123
83
65
50
186
144
128
94
78
64
84
58
42
2456
2331
2291
2274
1400
1369
1352
1337
1323
1307
1292
1277
101
66
50
87
62
45
247
199
157
138
123
108
94
80
84
60
45
84
60
42
58
227
171
154
113
99
84
71
83
58
45
82
59
43
263
240
204
187
144
112
96
79
87
59
45
82
59
43
254
213
198
184
148
132
96
81
86
62
47
134
92
68
353
280
228
203
180
161
139
119
123
86
61
151
91
68
402
318
291
202
176
156
135
116
127
89
66
147
90
67
417
336
313
262
207
159
138
118
120
84
62
149
88
66
3382
3367
3294
3091
3060
3038
3017
2997
416
372
345
129
86
92
113
57
252
153
128
106
86
122
85
64
147
92
67
88
54
237
151
126
105
84
118
84
63
168
111
88
91
56
241
151
126
103
86
147
87
91
151
92
68
83
51
237
150
123
102
82
2675
2661
2522
162
93
67
93
55
251
157
130
107
85
52
52
154
88
66
82
51
255
197
128
102
83
59
53
4355
4167
4138
3392
3354
3283
3258
2297
2257
2106
585
259
133
59
2249
2234
2176
2024
1170
966
100
55
96
122
108
53
51
49
50
93
54
92
56
82
51
49
51
54
87
53
94
54
90
55
52
51
50
165
132
1930
1873
1340
1296
1270
399
192
127
61
58
1910
1861
1838
949
773
108
61
794
113
77
226
71
797
646
114
68
50
50
55
92
54
1052
744
251
97
56
837
76
344
313
194
185


countEmpty = 1095749	countFull = 0
