65
81
38
35
33
37
31
39
40
36
35
51
32
183
42
80
57
62
37
60
124
69
60
60
74
213
149
87
55
55
37
38
35
35
36
68
45
36
36
37
35
51
32
37
36
39
36
34
35
34
64
44
118
96
293
270
231
68
46
35
151
130
86
59
115
79
52
38
35
119
97
56
69
45
34
156
133
85
60
123
81
56
38
37
120
99
55
69
48
36
157
137
89
62
119
81
54
40
37
118
98
55
68
44
37
153
133
89
60
115
77
51
38
36
118
96
55
66
44
35
152
131
84
60
114
77
54
38
34
122
80
54
70
47
35
156
133
87
61
100
76
53
39
37
121
98
56
71
46
37
152
130
85
59
101
77
54
38
35
118
98
55
67
43
37
150
129
85
58
102
78
53
36
36
119
99
56
70
46
34
153
130
83
58
97
74
52
35
35
115
93
53
67
44
35
149
129
86
59
97
75
52
36
35
119
80
56
68
47
38
151
129
85
59
97
75
51
38
37
118
98
56
69
46
36
151
131
86
60
98
73
52
37
36
129
109
57
70
48
36
153
131
86
61
101
76
53
36
35
121
80
52
66
42
36
151
128
83
60
96
74
52
37
35
117
96
54
66
43
35
148
129
85
59
100
75
50
36
37
118
97
54
68
46
35
153
130
85
59
96
73
52
37
36
118
96
53
69
46
38
152
130
85
60
97
77
54
33
36
115
77
54
69
46
36
150
130
84
59
98
77
52
36
37
118
98
54
67
44
35
154
133
88
62
95
75
51
35
36
117
95
54
68
45
35
149
127
86
61
96
76
51
35
36
121
98
54
68
44
37
153
132
85
61
96
75
50
35
37
118
94
54
71
47
35
154
130
85
59
97
77
52
37
37
120
98
55
68
45
36
152
132
87
61
122
83
56
38
37
121
99
56
69
43
36
154
133
87
61
112
79
53
35
35
118
97
53
69
45
35
148
129
86
60
93
75
51
35
36
118
96
55
67
44
34
150
129
83
57
98
76
52
36
37
121
80
54
67
44
36
153
130
87
61
99
76
53
37
36
118
98
55
67
46
37
154
132
84
58
97
76
53
35
37
117
95
54
69
45
34
153
133
87
61
97
76
52
35
33
115
94
53
67
44
36
148
127
84
59
96
76
51
37
35
116
77
54
66
45
36
151
130
85
60
95
76
52
37
36
119
100
57
68
45
35
153
132
85
58
97
76
53
35
38
118
96
54
68
45
33
153
131
87
61
93
73
51
34
33
128
103
55
68
46
33
154
112
84
61
98
77
52
37
34
117
96
54
67
98
45
150
129
85
59
97
76
52
35
35
120
100
55
120
97
56
152
132
85
59
101
79
54
37
35
119
96
54
116
79
53
154
131
86
62
95
75
52
36
35
120
97
53
116
77
53
156
112
84
61
97
77
52
37
35
119
97
55
120
79
52
153
131
86
61
98
77
53
35
35
119
98
54
112
91
52
149
129
84
59
97
74
52
35
34
121
98
56
116
77
52
156
133
85
59
118
80
53
37
35
119
97
54
115
77
53
155
132
86
59
97
77
54
35
33
121
97
56
117
78
52
154
133
86
60
96
75
51
35
33
120
99
56
117
93
51
156
134
90
62
119
81
53
35
35
120
97
56
116
77
52
152
129
86
60
116
79
53
36
33
121
98
57
119
97
54
156
133
86
60
185
126
86
56
51
169
116
79
186
118
79
226
164
125
91
165
113
75
50
52
174
114
78
173
115
77
225
161
123
89
166
110
75
52
52
175
116
78
174
112
75
248
190
129
90
166
112
76
51
50
174
113
77
169
112
74
221
190
124
87
166
112
78
51
53
174
118
79
175
114
75
249
187
126
89
168
112
75
53
50
173
111
76
167
112
77
247
188
127
92
169
115
79
52
51
173
116
79
175
113
76
248
189
127
89
165
113
78
54
50
173
111
77
174
114
80
246
187
127
88
164
115
77
53
51
173
116
78
175
110
71
245
187
127
89
166
115
78
51
48
174
114
76
173
113
75
226
193
123
88
176
116
78
55
53
168
112
75
176
113
76
252
193
129
89
171
113
78
52
51
175
116
78
174
115
76
226
194
124
88
175
117
80
53
62
171
115
80
178
114
76
253
190
128
89
249
131
85
56
53
174
115
78
169
113
77
260
159
123
88
58
96
69
53
58
191
122
82
179
114
75
229
165
125
87
320
197
91
52
51
168
113
77
171
116
79
333
175
129
88
183
154
85
53
58
176
115
78
182
117
78
54
174
117
78
246
129
84
55
53
173
115
77
173
115
74
58
147
112
79
58
99
67
55
128
176
116
77
175
112
75
51
170
114
77
277
131
84
55
51
175
113
76
177
116
81
57
182
114
79
61
99
67
56
56
178
114
76
176
116
78
53
171
116
76
60
171
149
55
53
174
117
79
173
113
78
56
176
118
78
57
96
64
51
96
176
111
78
177
119
79
53
176
119
79
126
141
146
54
52
177
116
78
177
113
76
55
179
118
80
58
101
66
51
56
179
115
80
179
120
77
54
179
119
80
58
162
136
54
51
169
113
76
170
113
103
56
179
119
81
200
120
79
53
99
176
114
77
176
113
77
54
174
115
76
364
236
191
64
62
153
117
79
199
164
84
60
182
120
82
182
134
95
76
73
192
127
87
164
122
83
56
155
119
81
179
135
95
65
61
194
129
90
169
129
87
55
138
75
50
178
131
91
67
69
158
121
84
160
120
85
53
145
75
52
184
139
96
62
61
152
115
78
279
239
101
52
124
94
49
185
136
95
67
72
195
126
86
153
83
49
50
126
95
52
186
135
95
60
68
142
74
50
239
112
51
51
127
70
47
183
167
127
96
78
150
109
52
119
109
80
131
98
97
66
232
180
140
104
54
148
80
82
1276
1233
1195
1158
1120
1213
1190
231
177
173
139
50
150
82
50
416
271
232
194
159
137
117
258
214
173
135
48
175
136
51
719
639
594
554
279
234
132
228
211
174
136
48
144
106
50
228
216
181
141
142
107
74
199
132
93
81
51
131
68
132
363
204
168
104
116
76
59
65
66
46
37
36
69
46
37
61
66
44
152
106
82
57
38
66
45
35
36
89
50
41
161
80
54
135
109
83
60
38
65
45
38
35
69
45
35
122
81
53
159
113
88
61
39
64
44
36
37
68
46
85
169
85
55
216
110
77
51
39
68
45
35
36
70
45
36
130
83
55
63
96
73
51
41
65
45
35
35
70
46
36
178
87
55
35
114
81
54
36
62
44
36
36
70
48
37
118
94
53
34
112
78
54
35
64
44
36
37
71
48
36
116
78
53
34
115
76
50
36
63
42
35
34
69
44
36
119
78
53
34
123
101
51
36
63
44
36
35
68
45
35
116
79
72
36
55
66
43
38
64
45
35
35
66
44
34
129
105
76
90
49
46
37
60
59
44
33
33
71
48
35
115
78
52
57
36
64
43
36
67
62
33
35
68
46
35
118
160
141
80
51
67
45
34
2384
1422
1278
1243
1107
773
102
193
250
211
183
157
84
66
36
37
71
47
35
37
36
277
257
183
155
107
89
72
37
36
63
43
37
36
35
261
241
183
154
103
87
72
37
36
68
45
37
34
37
262
242
202
149
106
89
73
38
36
69
48
34
38
36
257
220
195
146
101
86
73
38
34
70
45
34
34
34
258
235
180
154
103
86
72
37
35
69
46
34
36
35
259
237
197
149
106
86
73
36
38
68
47
33
35
35
256
233
186
158
107
91
74
37
36
71
49
35
37
34
253
232
194
145
103
86
72
37
35
67
110
52
36
36
248
227
180
130
102
86
74
35
35
65
134
49
36
34
248
202
178
129
102
87
73
37
34
68
45
34
39
35
260
240
197
149
104
89
74
38
35
65
44
33
36
35
250
229
177
149
101
84
73
39
34
68
47
35
35
37
258
237
194
147
105
88
72
37
35
66
109
48
37
34
245
222
178
152
104
88
74
37
35
68
99
48
37
35
256
217
190
144
103
86
71
36
35
126
107
58
38
36
240
217
176
148
99
84
71
35
36
119
98
55
37
36
261
221
172
146
104
89
71
38
35
118
97
57
35
36
236
216
171
146
99
84
71
38
35
120
101
56
36
37
242
201
176
127
98
84
71
36
35
115
98
56
37
35
254
217
193
144
102
86
75
36
33
119
98
53
36
37
259
238
183
130
103
88
75
36
35
115
97
55
35
36
2007
2001
1958
1816
1786
1770
1754
53
39
124
83
57
38
39
71
46
154
113
84
59
39
34
118
99
55
37
36
72
48
153
135
89
60
35
34
118
97
56
36
35
68
45
155
133
87
61
37
34
117
96
55
37
37
70
48
157
134
87
62
35
36
115
95
54
37
38
68
46
158
135
87
62
36
34
119
99
56
37
39
1374
1276
1224
1174
1130
1113
45
36
123
99
55
1247
597
1312
1267
1238
1118
715
45
37
121
98
56
38
70
47
37
35
35
34
119
99
57
38
67
44
37
35
34
36
114
95
56
1096
83
109
51
38
44
38
121
81
54
123
98
57
35
36
34
116
95
56
116
77
54
37
33
34
591
468
438
120
92
65
40
37
36
67
48
665
633
515
87
55
38
70
48
42
37
36
38
34
68
46
37
37
34
36
646
102
62
121
64
37
36
71
49
89
48
37
34
68
45
617
508
78
55
79
52
40
39
37
68
46
37
35
35
66
45
36
34
33
64
42
553
68
55
518
501
142
56
41
40
37
36
35
40
36
125
58
49
38
38
36
127


countEmpty = 4161185	countFull = 0
