53
84
26
41
36
47
33
27
29
32
25
30
30
46
43
83
39
64
51
55
82
67
68
48
64
48
47
52
26
28
32
28
26
29
56
29
26
31
28
26
29
26
46
28
29
30
53
28
27
127
84
177
129
93
71
206
856
131
88
184
138
97
65
66
126
84
184
138
96
71
83
136
89
181
135
94
69
74
132
84
187
134
96
54
76
262
218
216
167
98
50
78
78
216
168
98
52
76
80
232
183
142
52
76
81
210
162
123
52
85
68
211
169
127
51
77
53
133
100
77
50
49
40
55
34
38
36
39
35
39
37
38
38
44
36
36
37
39
36
40
41
39
35
41
34
40
37
40
35
40
37
40
36
38
36
37
37
38
38
38
37
40
34
39
36
38
33
37
35
40
37
39
35
37
36
42
37
38
36
38
37
39
38
39
34
41
33
38
38
39
34
39
37
36
38
38
33
37
35
39
37
37
36
39
34
39
37
38
36
39
34
39
38
40
36
37
36
37
37
38
35
38
35
30
35
38
35
38
35
31
38
39
34
39
35
31
38
30
35
29
36
30
28
37
26
39
27
30
30
42
30
39
30
33
29
42
30
35
31
34
33
85
38
26
30
32
31
32
36
28
30
33
56
32
29
29
29
31
30
33
46
27
27
32
32
33
46
44
27
36
30
32
28
45
27
34
33
32
28
28
28
35
29
33
27
43
28
33
32
33
30
27
27
32
30
33
44
27
26
32
31
32
46
28
28
34
31
35
45
29
27
32
34
33
27
28
27
32
30
33
27
30
27
33
31
33
27
27
27
35
28
34
52
28
27
35
30
33
27
30
27
34
30
33
27
30
30
32
48
43
56
28
25
32
34
50
33
28
35
34
31
27
26
31
33
35
28
28
34
31
30
28
26
32
73
32
32
26
33
33
29
30
27
35
35
30
31
27
34
35
30
30
27
32
63
30
30
25
36
31
31
31
28
31
79
27
30
25
34
32
29
31
28
32
33
27
31
26
33
32
26
32
27
29
30
27
29
26
30
28
28
28
25
32
32
28
31
27
30
29
29
29
26
32
31
27
31
27
30
30
28
31
25
31
29
28
29
27
30
32
28
31
28
30
32
27
30
26
30
30
27
33
28
45
48
27
32
29
30
25
31
31
30
26
30
30
41
26
56
46
38
43
44
38
47
42
37
42
51
35
43
42
39
45
42
37
45
45
36
41
42
36
45
44
37
45
45
38
44
45
36
43
43
39
44
45
38
42
46
38
42
46
36
45
43
36
42
45
37
41
43
37
39
46
40
39
46
39
40
45
41
37
70
39
59
63
45
45
42
45
41
43
41
43
40
47
42
60
61
79
83
77
70
82
64
122
53
128
85
141
89
131
85
127
84
126
85
57
48
79
50
51
37
41
35
39
35
44
34
37
34
39
36
38
36
58
34
39
33
41
34
40
34
42
35
41
36
35
35
134
41
45
33
36
33
39
33
32
32
33
34
34
32
36
32
34
32
32
31
33
31
33
32
36
34
32


countEmpty = 5399997	countFull = 0
