58
71
32
32
30
37
33
31
31
32
33
37
32
31
40
96
91
36
68
72
77
54
59
60
55
59
59
65
54
53
28
27
27
30
29
29
28
28
33
30
43
39
116
38
34
38
33
39
32
32
36
30
38
36
39
35
37
33
38
27
34
38
34
37
37
31
78
41
28
33
32
37
33
33
29
31
37
31
33
39
28
38
26
32
32
38
33
31
38
30
42
32
29
41
26
31
36
29
35
54
28
30
101
28
32
32
29
33
32
30
35
31
30
35
29
30
29
30
32
32
31
36
30
32
31
31
31
30
30
34
29
29
29
30
33
30
32
32
32
32
29
31
36
28
32
34
31
32
30
29
51
34
29
30
30
32
30
30
32
32
32
33
29
30
29
32
34
29
29
31
30
32
30
29
34
28
28
48
31
32
34
37
58
29
31
38
43
35
31
31
31
37
40
27
33
30
31
30
31
30
33
30
33
29
31
32
38
31
32
32
33
30
34
31
34
31
31
30
32
28
30
31
33
29
33
28
37
29
28
29
32
28
33
30
34
32
34
26
33
31
30
30
33
29
31
29
33
31
32
28
35
31
32
29
35
26
31
29
33
29
34
26
34
31
30
29
33
28
30
31
32
28
34
25
34
30
32
26
35
28
29
32
33
28
34
26
33
29
32
27
32
27
31
29
32
26
33
25
34
31
31
27
35
29
32
29
33
28
35
28
33
31
30
25
33
26
31
30
34
27
32
27
32
29
32
46
37
28
31
32
34
28
34
31
32
29
30
27
35
26
31
32
33
26
78
30
31
31
33
84
36
27
31
29
34
28
97
28
30
32
32
27
32
28
32
30
34
28
33
27
30
31
35
25
33
27
30
31
35
27
35
28
30
30
33
27
33
26
32
31
33
28
35
28
33
30
33
27
34
28
30
31
34
26
57
37
44
43
47
39
48
36
39
42
47
39
45
41
43
36
46
37
48
37
38
70
47
38
47
68
37
39
50
37
134
41
39
40
43
42
50
40
41
37
49
37
48
64
40
38
123
41
49
66
41
39
47
40
47
40
38
39
49
37
51
41
38
38
47
38
50
41
39
42
46
38
52
44
121
43
42
37
51
42
39
41
47
37
51
38
35
39
44
35
51
42
36
40
46
38
50
42
37
38
44
40
48
38
62
40
47
38
50
67
40
40
43
120
73
39
35
39
43
39
51
40
41
40
49
38
49
68
41
38
44
44
46
38
39
36
47
38
47
62
40
41
44
38
83
68
40
68
48
38
50
39
40
40
44
37
138
43
38
40
46
38
48
38
41
39
45
39
50
39
37
39
46
37
50
41
38
37
62
38
254
180
140
103
130
85
269
226
188
151
136
87
228
184
142
107
331
113
325
190
146
107
80
52
233
189
147
106
108
51
223
182
143
106
128
85
234
188
145
106
133
85
229
185
143
105
125
84
226
182
142
105
131
82
261
185
144
106
108
70
71
36
36
35
38
35
42
53
55
34
54
37
40
36
54
36
37
37
172
58
35
34
60
36
70
36
34
42
37
38
50
34
39
35
37
52
35
40
35
38
36
35
37
37
40
35
34
38
35
41
53
36
40
35
42
34
35
36
35
40
53
36
39
35
40
36
36
38
36
43
34
34
38
34
41
52
34
38
35
40
36
35
39
35
42
35
36
38
35
33
36
34
37
37
39
34
25
30
34
40
37
29
38
27
38
34
28
38
30
40
35
31
38
30
40
34
28
38
29
30
35
29
30
30
42
27
30
31
31
31
28
31
31
29
30
27
32
32
31
31
29
29
28
30
49
28
29
30
29
32
27
29
31
31
66
27
28
30
34
27
27
31
47
43
30
29
31
28
26
30
58
28
27
29
31
29
26
27
31
29
33
37
45
32
30
31
34
32
33
30
36
32
34
30
33
30
35
33
36
32
33
32
34
32
32
29
34
34
37
31
33
33
35
29
48
32
35
29
37
33
33
29
35
33
32
29
34
33
33
30
32
33
35
31
31
32
35
31
34
34
35
31
33
33
35
40
46
58
47
48
43
46
46
48
43
42
42
46
44
43
42
45
44
43
45
44
44
46
41
45
43
44
43
43
47
46
79
78
78
81
83
79
198


countEmpty = 5400035	countFull = 0
