66
78
39
41
60
38
60
33
39
27
41
27
43
33
45
77
62
58
65
61
37
62
51
59
49
59
46
86
56
58
37
35
37
39
38
36
37
36
38
35
33
37
32
36
33
212
138
93
63
65
86
49
36
35
36
35
39
34
34
35
162
140
93
64
40
63
43
33
36
34
31
34
38
36
30
150
130
85
60
38
66
46
34
37
36
35
36
32
38
34
157
137
87
61
40
65
62
34
38
34
35
35
34
35
36
154
134
88
48
208
164
139
96
71
38
36
67
48
70
49
38
123
105
55
208
163
137
95
70
37
33
70
46
64
44
36
117
97
56
204
161
135
94
69
37
35
66
46
69
46
35
117
95
56
211
167
139
96
70
38
34
65
45
68
46
35
116
95
54
212
167
140
95
71
38
35
66
46
67
45
37
119
98
55
214
169
142
97
71
40
36
69
46
66
45
37
119
98
56
244
168
120
95
70
39
37
67
47
67
43
35
116
96
53
215
166
117
92
68
39
36
67
46
66
45
37
124
103
58
208
162
135
93
69
38
35
66
46
65
45
35
117
97
56
212
169
124
96
70
37
37
68
49
67
45
34
119
96
55
248
166
122
95
71
36
36
66
45
70
45
38
121
101
57
210
165
120
93
69
39
37
66
45
67
48
38
118
97
53
246
164
119
94
71
39
34
68
48
66
45
34
118
97
55
219
199
145
98
71
37
35
68
47
64
42
35
119
97
54
261
169
122
94
71
41
37
67
45
67
45
37
119
99
57
206
161
117
92
67
40
34
70
47
69
48
36
121
101
57
181
141
119
94
71
40
37
69
47
66
45
35
120
98
56
183
140
113
90
68
39
37
68
45
66
44
38
117
97
56
205
163
119
96
71
38
35
66
46
65
44
37
115
94
54
208
187
142
98
71
39
36
67
48
68
48
35
115
92
52
206
164
138
95
68
39
37
68
48
64
43
36
120
80
54
201
158
133
94
71
39
36
66
46
67
46
37
121
99
56
184
161
116
90
68
38
36
69
47
68
45
34
122
103
57
187
145
118
92
69
38
36
69
47
66
45
36
118
98
55
212
166
121
95
69
40
38
68
46
67
48
35
120
98
56
210
167
121
94
71
40
36
67
45
71
47
34
124
103
58
209
165
120
92
69
38
38
68
48
67
44
32
121
101
57
210
163
118
91
68
40
37
67
47
68
44
36
124
101
58
205
182
138
93
68
38
35
66
45
67
44
33
121
100
56
238
167
118
91
69
38
35
69
47
67
46
33
119
99
55
189
143
116
92
67
41
36
69
48
69
47
33
117
97
55
165
149
128
107
88
63
54
102
70
129
100
49
171
117
78
265
202
168
133
99
55
53
100
67
98
70
48
172
117
79
292
233
173
136
102
56
51
94
63
95
64
50
174
115
78
305
242
176
137
101
55
52
99
68
96
64
49
176
120
79
329
272
199
137
101
56
51
98
68
101
67
51
175
116
77
327
274
203
140
100
55
51
100
70
99
66
50
171
116
77
328
270
199
138
101
54
53
99
69
98
66
49
180
120
81
307
242
172
136
100
54
51
96
65
96
66
49
169
115
77
307
245
204
141
101
56
51
100
69
98
67
48
176
118
79
325
272
204
142
101
57
52
100
68
98
67
49
174
117
78
311
249
210
141
105
56
50
99
67
100
69
51
176
113
76
301
237
197
135
98
52
52
96
67
98
67
47
175
117
77
322
267
196
136
99
54
50
94
63
96
67
51
172
113
78
329
241
199
139
102
57
51
98
67
99
67
49
171
119
80
320
264
195
135
97
58
54
100
67
98
67
49
180
118
80
328
272
200
137
99
54
53
99
67
99
68
52
172
117
79
319
267
199
139
99
56
52
97
68
96
150
72
182
123
83
302
241
175
136
100
54
52
93
64
182
153
81
167
112
77
296
236
197
136
100
56
53
97
69
188
159
85
175
117
79
317
263
198
135
100
58
52
99
69
183
118
80
174
118
78
330
271
203
140
102
55
52
100
67
181
118
79
176
114
79
299
238
201
134
98
56
49
97
68
180
118
78
176
120
81
297
233
196
133
100
55
51
96
66
166
112
78
173
116
78
331
242
205
141
102
54
51
100
70
178
112
75
178
122
81
320
268
200
138
101
59
52
94
64
171
116
78
174
116
78
304
238
171
133
98
55
54
98
66
177
122
84
171
118
78
293
229
193
132
97
55
55
99
67
173
116
80
173
118
78
333
274
205
142
101
55
52
97
67
172
118
79
173
117
79
329
274
205
142
104
80
56
107
71
159
119
84
152
114
79
453
374
332
164
119
108
52
110
76
165
126
86
158
121
83
132
120
103
67
231
182
142
106
140
76
51
187
123
86
128
115
99
66
226
218
182
146
154
119
80
194
126
84
236
360
326
290
249
175
135
101
148
116
81
151
115
81
227
180
139
105
228
216
175
142
152
117
78
155
120
82
1051
215
145
104
227
179
139
102
151
119
82
132
74
49
80
193
127
88
226
217
178
142
195
162
121
143
113
77
82
165
125
87
648
605
561
489
243
182
137
103
71
50
87
164
125
87
220
204
196
161
185
154
116
144
110
76
1064
388
324
284
258
212
176
160
218
187
112
102
69
48
79
161
122
87
219
176
139
101
180
154
120
173
117
79
52
127
103
60
59
123
84
56
37
33
33
85
66
717
61
124
102
58
39
125
85
56
37
53
35
72
49
38
121
101
56
36
118
79
55
36
32
34
65
44
43
122
99
57
37
118
96
55
37
34
33
69
48
38
116
96
54
36
118
98
55
35
32
34
68
46
39
120
100
57
35
116
97
55
37
32
33
64
44
39
123
101
57
37
121
99
57
38
33
34
70
47
38
125
101
55
36
120
99
57
37
33
31
67
46
43
123
100
58
37
116
96
54
39
32
34
69
47
38
117
98
56
39
117
97
56
34
33
32
70
48
38
120
99
55
37
119
99
58
35
34
32
67
45
39
122
98
56
36
119
99
56
35
32
35
66
47
39
121
98
56
37
116
96
55
35
31
30
67
46
40
120
98
56
37
118
96
54
37
34
32
70
48
38
115
94
54
37
118
97
55
33
34
33
71
48
38
119
98
55
36
119
99
56
37
33
33
67
47
275
241
191
162
117
87
57
55
37
32
67
47
33
334
318
292
265
241
193
168
124
36
91
88
66
35
343
306
278
226
200
171
147
121
126
65
48
54
33
482
402
355
325
298
270
246
194
147
155
139
41
33
409
357
307
255
228
200
175
172
148
132
39
34
32
443
388
336
285
229
221
195
169
143
128
58
34
33
437
389
361
310
262
216
189
165
140
124
37
33
33
1665
1638
1588
1560
1536
1488
1438
1412
1387
1255
817
84
47
956
807
750
707
682
658
633
588
559
119
89
58
550
501
450
399
373
346
322
201
39
59
36
274
231
182
137
133
106
38
40
34
33
846
831
786
649
618
574
546
117
108
57
82
53
719
702
560
525
94
56
36
78
51
39
72
47
37
35
120
205
172
65
70
48
47
53
39
58
70
48
37
39
38
36
34
33
125
54
58
39
53
35
37
40
166
37
33
57
41
56
34
37
40
37
33
36
36
144
34
57
49
39
37
40
37
35
38
35
35
37
36
36
35
34
34
41
36
38
38
37
35
131
48
133
144


countEmpty = 5135992	countFull = 0
